tree
version=v4
num_class=1
num_tree_per_iteration=1
label_index=0
max_feature_idx=17
objective=binary sigmoid:1
feature_names=B0_R2 B0_thrustOm B0_cosTBTO B0_cosTBz B0_KSFWV3 B0_KSFWV4 B0_KSFWV5 B0_KSFWV6 B0_KSFWV7 B0_KSFWV8 B0_KSFWV9 B0_KSFWV10 B0_KSFWV13 B0_KSFWV14 B0_KSFWV15 B0_KSFWV16 B0_KSFWV17 B0_KSFWV18
feature_infos=[0.0011055795475840569:0.94617080688476562] [0.54354971647262573:1] [4.42323180323001e-05:0.99999833106994629] [6.5465433181088883e-06:0.99997878074645996] [0:3.3356468677520752] [-0.98862659931182861:1.2281171083450317] [-0.39954537153244019:1.3017077445983887] [-0.9459119439125061:0.71514791250228882] [-0.45972326397895813:0.91438192129135132] [0:3.2879574298858643] [-0.29980483651161194:0.81927764415740967] [-0.26093205809593201:0.72631913423538208] [-0.2994411289691925:1.8109992742538452] [0.00021446048049256206:4.398646354675293] [-0.14563219249248505:0.16061955690383911] [-0.32015341520309448:0.71414637565612793] [-0.11307904869318008:0.10177123546600342] [-0.23675389587879181:0.41290426254272461]
tree_sizes=1209 1232 1222 1245 1217 1232 1232 1230 1242 1229 1241 1232 1239 1237 1237 1238 1231 1252 1229 1234 1237 1232 1249 1229 1237 1220 1243 1231 1229 1236 1242 1223 1230 1222 1229 1238 1228 1220 1224 1225 1227 1231 1247 1221 1235 1230 1230 1229 1232 1216 1237 1239 1238 1237 1223 1227 1248 1235 1225 1231

Tree=0
num_leaves=10
num_cat=0
split_feature=0 4 5 1 4 14 1 5 14
split_gain=1689.41 1587.48 1047.26 610.205 359.553 375.053 356.189 290.91 281.578
threshold=0.48762524127960211 0.68041381239891063 -0.048201929777860635 0.74871981143951427 0.45502148568630224 -0.005058436654508113 0.78568264842033397 -0.12438624724745749 -0.0069072069600224486
decision_type=2 2 2 2 2 2 2 2 2
left_child=1 2 6 -4 -5 -6 -1 -3 -9
right_child=-2 7 3 4 5 -7 -8 8 -10
leaf_value=0.23832252625326986 0.15955779214715726 0.27901296533901865 0.30648981945635828 0.22695920676050138 0.22256571614291665 0.30718288230301172 0.17548907771093636 0.31447584002095463 0.40449813605358387
leaf_weight=47608.583719432354 40800.997279584408 10869.1151034832 82287.279131412506 69520.963774621487 19352.278896570206 40502.630378603935 42859.802688658237 13620.584315657616 23978.318720757961
leaf_count=112962 101630 25126 186831 166139 46375 91918 105734 30762 50917
internal_value=0.255167 0.267058 0.253582 0.272827 0.251417 0.279824 0.208555 0.351059 0.371887
internal_weight=0 350600 302132 211663 129376 59854.9 90468.4 48468 37598.9
internal_count=918394 816764 709959 491263 304432 138293 218696 106805 81679
is_linear=0
shrinkage=1


Tree=1
num_leaves=10
num_cat=0
split_feature=13 10 4 6 0 5 10 4 16
split_gain=1587.23 831.048 453.843 335.549 331.448 249.212 241.974 183.754 247.635
threshold=0.10565855726599695 0.02242153882980347 0.57450905442237865 0.059570021927356727 0.57295072078704845 -0.087269861251115785 0.049954354763031013 0.19273716211318973 -0.0017262714682146905
decision_type=2 2 2 2 2 2 2 2 2
left_child=1 3 -2 -1 5 -3 -4 -7 -9
right_child=2 4 6 -5 -6 7 -8 8 -10
leaf_value=0.032592773220893378 0.017774822326776917 -0.074612026728031827 0.11347055056499872 -0.017752871072784924 -0.13517039021143032 -0.079238038034258759 0.044168528909366803 -0.059621420978610132 -0.0038355256021639717
leaf_weight=77732.464252114296 42393.425610676408 33415.220166087151 33055.368203610182 57634.385276421905 9023.1983688175678 14087.598391324282 20349.718038827181 26898.024060845375 76386.991982221603
leaf_count=178416 98635 83067 71319 136857 23447 34874 46367 65663 179749
internal_value=0 -0.0176689 0.0564013 0.0111574 -0.042086 -0.0365158 0.0870634 -0.02567 -0.0183636
internal_weight=0 295178 95798.5 135367 159811 150788 53405.1 117373 103285
internal_count=918394 702073 216321 315273 386800 363353 117686 280286 245412
is_linear=0
shrinkage=0.5


Tree=2
num_leaves=10
num_cat=0
split_feature=11 13 1 1 2 13 14 13 2
split_gain=604.88 473.945 432.401 239.842 233.683 172.42 130.01 109.703 115.028
threshold=0.016840082593262199 0.097191490232944502 0.84242022037506115 0.68774482607841503 0.85342675447464 0.11413580179214479 -0.0017062897095456717 0.0099104875698685663 0.9083857834339143
decision_type=2 2 2 2 2 2 2 2 2
left_child=1 2 3 6 -3 -2 -1 -5 -9
right_child=5 4 -4 7 -6 -7 -8 8 -10
leaf_value=-0.0076032504193713768 -0.034773697459980005 0.012872743128172054 -0.046221865287905985 0.19058770496573926 0.065112987296399708 0.011582034628972128 0.077779913506536416 -0.012268232826779994 0.02284115934250042
leaf_weight=5840.7198057174683 112235.3969463557 35757.337191730738 40179.481780916452 769.4420872926712 53340.828577816486 24424.851320013404 18836.605530977249 61449.998431220651 37606.041043922305
leaf_count=13668 271888 82367 98527 1584 119249 56506 41722 145440 87443
internal_value=0 0.0147716 -0.0011218 0.0134329 0.0441477 -0.0264887 0.0575711 0.00252169 0.00106084
internal_weight=0 253780 164682 124503 89098.2 136660 24677.3 99825.5 99056
internal_count=918394 590000 388384 289857 201616 328394 55390 234467 232883
is_linear=0
shrinkage=0.5


Tree=3
num_leaves=10
num_cat=0
split_feature=10 13 16 2 2 7 11 15 16
split_gain=252.661 226.813 221.057 198.828 178.3 157.154 133.845 142.746 110.98
threshold=0.063247583806514754 0.088607367128133788 -0.0015001573483459649 0.90341439843177807 0.76158210635185253 -0.045081831514835351 0.071436170488595976 0.010865986812859775 -0.0033579281298443671
decision_type=2 2 2 2 2 2 2 2 2
left_child=1 2 -1 -2 -3 -4 7 -5 -6
right_child=3 4 5 6 8 -7 -8 -9 -10
leaf_value=-0.039875764537035271 -0.044121224571151793 -0.0033365925177029961 -0.030345038490206859 -0.037262005460441713 0.0065994703344917855 0.017050135607505606 -0.03642756148826385 0.021277475655332018 0.048226331705208611
leaf_weight=33800.369592398405 46150.718794301152 38660.120278373361 22353.726921826601 13259.276347488165 21461.36542750895 80391.346712887287 22363.867701277137 48524.640677407384 63056.480177983642
leaf_count=82183 112478 90081 53982 32043 49813 186847 54977 113872 142118
internal_value=0 0.00923354 -0.00480028 -0.0177475 0.0247903 0.00673861 -0.00328287 0.00871448 0.0376561
internal_weight=0 259723 136545 130299 123178 102745 84147.8 61783.9 84517.8
internal_count=918394 605024 323012 313370 282012 240829 200892 145915 191931
is_linear=0
shrinkage=0.5


Tree=4
num_leaves=10
num_cat=0
split_feature=1 1 0 9 1 13 6 0 0
split_gain=249.736 182.094 170.747 245.911 185.923 163.844 185.049 139.286 117.943
threshold=0.64495715498924266 0.88399437069892894 0.24012467265129092 0.14881373196840289 0.77488321065902721 0.069380167871713652 0.06387061253190042 0.44671365618705755 0.50621098279953014
decision_type=2 2 2 2 2 2 2 2 2
left_child=-1 2 3 -2 -5 -4 8 -3 -7
right_child=1 7 5 4 -6 6 -8 -9 -10
leaf_value=0.060765834958135992 0.028735972372431116 -0.072998839675733992 -0.018075361130896351 -0.012792506979909798 -0.06555029554803446 0.051215707953817136 0.0082119935196279057 -0.013660422219305858 -0.15990792352807792
leaf_weight=16278.4503942132 29096.582278385758 14202.4018869102 38148.133700951934 84850.19956804812 20791.341493904591 39533.726222217083 113571.15016034245 32566.250921145082 672.76921385526657
leaf_count=36208 66514 35376 92145 199362 51095 90040 266089 79751 1814
internal_value=0 -0.00249995 0.00167776 -0.0119655 -0.0231758 0.0112558 0.018532 -0.0316799 0.047683
internal_weight=0 373433 326664 134738 105642 191926 153778 46768.7 40206.5
internal_count=918394 882186 767059 316971 250457 450088 357943 115127 91854
is_linear=0
shrinkage=0.5


Tree=5
num_leaves=10
num_cat=0
split_feature=5 14 4 9 13 16 5 0 4
split_gain=417.078 274.378 277.168 265.992 231.468 189.404 161.707 139.553 108.876
threshold=-0.18256575614213941 -0.0019499751506373284 0.28437618911266332 0.17594912648200992 0.071806773543357863 -0.0018922459566965697 0.24090944975614551 0.34192411601543432 1.0000000180025095e-35
decision_type=2 2 2 2 2 2 2 2 2
left_child=-1 4 3 -3 -2 -4 -7 -6 -5
right_child=1 2 5 8 7 6 -8 -9 -10
leaf_value=-0.050897641496119223 -0.058047070041860251 0.051477470549373301 -0.01299135316057138 -0.14008985876118729 -0.017880650852249595 0.041173428655149752 -0.024936769174473399 0.01643357315161895 -0.024483869794437653
leaf_weight=37570.042876720428 23113.20582459867 12827.697453632951 23751.111140146852 2132.6691476255655 70518.68014125526 113191.4281039089 10072.952018722892 51101.031339168549 45221.599892154336
leaf_count=92788 57314 29226 56178 5661 166349 258118 23963 119988 109441
internal_value=0 0.00452449 0.0161928 -0.0123896 -0.0121797 0.0278932 0.035771 -0.00346282 -0.0296904
internal_weight=0 351930 207197 60182 144733 147015 123264 121620 47354.3
internal_count=919026 826238 482587 144328 343651 338259 282081 286337 115102
is_linear=0
shrinkage=0.5


Tree=6
num_leaves=10
num_cat=0
split_feature=5 14 0 10 9 1 0 0 2
split_gain=178.695 143.302 126.748 124.335 104.92 85.1335 97.5706 82.0325 75.0184
threshold=-0.099703662097454057 -0.0041238993871957055 0.30855123698711401 0.0035857472103089098 0.13602595776319507 0.91507667303085338 0.21435826271772387 0.58784744143486034 0.8846985697746278
decision_type=2 2 2 2 2 2 2 2 2
left_child=5 2 -2 4 -3 6 -1 -8 -5
right_child=1 3 -4 8 -6 -7 7 -9 -10
leaf_value=-0.050155685572053736 -0.03800898043708608 0.063122652181005504 0.003523097568777681 -0.007760341344533182 0.017667223143621572 -0.082374890069210699 -0.0039487138424502887 -0.12456299778505674 0.013384862513748484
leaf_weight=17202.427705898881 31746.836820825934 17163.585148543119 43598.175733715296 75976.73888733983 48758.574250161648 5386.6481547802687 54301.779191821814 1447.2785117477179 93645.085549354553
leaf_count=41842 76109 38204 103186 179845 112087 14055 130718 3891 219089
internal_value=0 0.0050037 -0.0139766 0.011075 0.0295021 -0.0217164 -0.0172375 -0.00707993 0.00391354
internal_weight=0 310889 75345 235544 65922.2 78338.1 72951.5 55749.1 169622
internal_count=919026 728520 179295 549225 150291 190506 176451 134609 398934
is_linear=0
shrinkage=0.5


Tree=7
num_leaves=10
num_cat=0
split_feature=13 17 13 5 9 9 1 0 12
split_gain=192.818 165.857 133.646 89.6296 88.427 85.5556 122.692 96.2809 90.1477
threshold=0.12222212925553323 0.009455344174057247 0.060363151133060462 0.15251222252845767 0.17738427966833117 0.31092175841331487 0.80790340900421154 0.33680710196495062 -0.025799047201871868
decision_type=2 2 2 2 2 2 2 2 2
left_child=1 2 -1 5 -2 6 -4 -8 -7
right_child=4 -3 3 -5 -6 8 7 -9 -10
leaf_value=-0.019640178207293059 0.1020439098123003 -0.02571400853093923 0.02936076860957474 -0.024115056681782029 0.025724130268566309 -0.041876370665968325 -0.034790787447563823 0.014003285396563935 0.0046319113749259807
leaf_weight=58621.411249801517 4325.9035290926695 68813.787118852139 84502.56844457984 20818.372036516666 30945.017872571945 12438.641079887748 15565.940160945058 28843.124785616994 64176.430787786841
leaf_count=140950 9216 167481 194065 49255 70476 30277 37706 68369 151231
internal_value=0 -0.00368327 0.00163672 0.00714725 0.0350846 0.0103139 0.0181784 -0.00309966 -0.00291882
internal_weight=0 353780 284966 226345 35270.9 205527 128912 44409.1 76615.1
internal_count=919026 839334 671853 530903 79692 481648 300140 106075 181508
is_linear=0
shrinkage=0.5


Tree=8
num_leaves=10
num_cat=0
split_feature=4 16 0 14 5 17 7 8 14
split_gain=102.345 130.33 99.4812 94.7273 110.68 109.325 92.9706 95.5572 92.4439
threshold=0.5230810046195985 -0.0026031408924609418 0.16033089905977252 -0.0065252599306404582 -0.25648792088031763 -0.0044858958572149268 -0.022661215625703331 0.056675603613257415 -0.0007805142959114163
decision_type=2 2 2 2 2 2 2 2 2
left_child=1 2 -1 -2 -5 -6 -3 8 -8
right_child=3 6 -4 4 5 -7 7 -9 -10
leaf_value=-0.13100461147017259 -0.011325110333344813 -0.018092924871052577 -0.030109949526149066 -0.026130290904724872 -0.020062679658553864 0.028351881412183345 -0.0080001366019269004 -0.02761886718226975 0.020699793604679183
leaf_weight=2763.738740414381 40051.715851962566 66786.843443185091 21059.583503082395 13332.046274125576 13350.755523070693 92085.692693069577 44945.559162765741 19756.66233047843 74675.176090046763
leaf_count=7083 95281 161211 51933 32760 31368 210463 106732 47627 174568
internal_value=0 -0.00680037 -0.0418147 0.00970273 0.0167939 0.0222214 -0.00275429 0.00459568 0.00991626
internal_weight=0 229988 23823.3 158820 118768 105436 206164 139377 119621
internal_count=919026 549154 59016 369872 274591 241831 490138 328927 281300
is_linear=0
shrinkage=0.5


Tree=9
num_leaves=10
num_cat=0
split_feature=2 6 6 9 0 5 10 5 5
split_gain=80.5512 72.071 67.1485 59.0448 60.7351 58.9762 63.0383 54.3285 47.5813
threshold=0.96098360419273388 0.020576995797455314 0.26842871308326727 0.19882408529520038 0.16904804855585101 -0.019024883396923539 0.012233166489750149 0.13137511163949969 -0.014556938316673039
decision_type=2 2 2 2 2 2 2 2 2
left_child=1 3 5 -1 -5 -2 -7 8 -3
right_child=2 7 -4 4 -6 6 -8 -9 -10
leaf_value=0.023292553082815592 0.0031018146280739436 -0.014343628068845463 -0.011095516362174807 -0.018675323725912983 0.011794024265397825 0.069842230922207219 0.02222697594363969 -0.030639891678274182 0.0026526247442479095
leaf_weight=35027.432234957814 30074.792379826307 88173.944816634059 22733.67331212759 30084.321368634701 35838.357073232532 8754.6034421771765 33741.627403095365 26886.015190273523 77259.731620937586
leaf_count=80358 71712 213056 54834 71014 84403 19366 78614 64225 181444
internal_value=0 -0.00411517 0.012617 0.00670353 -0.0021109 0.0200452 0.0320361 -0.00979399 -0.00640615
internal_weight=0 293270 95304.7 100950 65922.7 72571 42496.2 192320 165434
internal_count=919026 694500 224526 235775 155417 169692 97980 458725 394500
is_linear=0
shrinkage=0.5


Tree=10
num_leaves=10
num_cat=0
split_feature=0 5 12 17 1 14 6 5 16
split_gain=94.6173 95.8301 87.0714 82.0384 76.3897 79.6936 93.8306 80.4239 66.3296
threshold=0.27190332114696508 -0.1359182000160217 0.13374038040637973 0.021738693118095401 0.80347949266433727 0.00076659515616483997 0.0072566522285342225 0.087956115603446974 -0.0028908373787999149
decision_type=2 2 2 2 2 2 2 2 2
left_child=1 -1 4 -2 5 6 -3 -8 -7
right_child=3 2 -4 -5 -6 8 7 -9 -10
leaf_value=-0.04301023679304862 0.011483148386418437 0.01064678599166387 0.063026124273000736 -0.02190412337425475 -0.034587920395796751 -0.049028477952219644 -0.013687059098710432 -0.065382092708843736 0.023962111982978301
leaf_weight=17153.803895890713 186688.49038884044 37753.699152946472 4742.9131895154715 20410.596634104848 20036.070859372616 3410.2771026492119 53745.308562353253 8748.2773585617542 35649.984630092978
leaf_count=42024 441954 87399 10631 50033 48802 8193 126842 21153 81222
internal_value=0 -0.00745121 -0.00373383 0.00819267 -0.00572096 -0.00156913 -0.00903406 -0.0209237 0.0175894
internal_weight=0 181240 164087 207099 159344 139308 100247 62493.6 39060.3
internal_count=918253 426266 384242 491987 373611 324809 235394 147995 89415
is_linear=0
shrinkage=0.5


Tree=11
num_leaves=10
num_cat=0
split_feature=4 4 5 1 15 16 5 0 13
split_gain=139.855 80.4443 79.9206 65.5234 137.501 63.8291 58.5461 52.5146 48.8119
threshold=0.37592916190624243 0.92373308539390575 -0.055222887545824044 0.62249791622161876 -0.005567113868892192 -7.6038468250771971e-05 0.096458785235881819 0.64923527836799633 0.13944053649902347
decision_type=2 2 2 2 2 2 2 2 2
left_child=2 3 5 4 -2 -1 7 -4 -5
right_child=1 -3 6 8 -6 -7 -8 -9 -10
leaf_value=-0.064214866089130296 -0.096396368910386429 0.11705138157012056 -0.0005403604903073502 0.0036274565650119216 0.11503000800725385 -0.014872766290489756 -0.038098563750491823 -0.13198873818943271 0.03730914798899098
leaf_weight=12425.408279955387 996.23340177536011 1642.6706716120243 78190.541708528996 252777.93639330566 3371.5019536167383 13871.11069893837 12942.035439535975 767.2735740840435 11234.762044727802
leaf_count=31348 2429 3497 185190 595789 7150 33992 31465 2104 25289
internal_value=0 0.00674079 -0.0138819 0.00606561 0.0668059 -0.0381875 -0.00692706 -0.00181771 0.00506074
internal_weight=0 270023 118196 268380 4367.74 26296.5 91899.9 78957.8 264013
internal_count=918253 634154 284099 630657 9579 65340 218759 187294 621078
is_linear=0
shrinkage=0.5


Tree=12
num_leaves=10
num_cat=0
split_feature=13 3 7 14 16 4 9 4 16
split_gain=59.439 67.2295 58.3141 57.9621 67.6134 83.7183 69.736 65.3905 57.382
threshold=0.049140831455588348 0.75054109096527111 -0.068935021758079515 -0.005058436654508113 -0.0040094745345413676 0.39694367349147802 0.17738427966833117 0.83201640844345104 0.0030818670056760315
decision_type=2 2 2 2 2 2 2 2 2
left_child=1 -1 -2 7 -5 6 -6 -4 -7
right_child=2 -3 3 4 5 8 -8 -9 -10
leaf_value=-0.032470991322940658 -0.011393319011261803 0.013562040258650128 -0.014083589548918298 -0.025158717451369467 0.047728645234149755 0.02505834445013284 -0.0050740558090762635 0.056261706369601393 0.0010319610738622582
leaf_weight=26354.008244201541 63797.660571351647 11346.465516552329 50296.958764433861 13832.966276571155 6773.1958586722612 97272.890329644084 81407.634801477194 3535.8137063533068 33377.931443169713
leaf_count=64273 153744 26695 120494 33148 15546 223838 194962 7856 77697
internal_value=0 -0.0186167 0.0022776 0.00532186 0.00874276 0.0108858 -0.00101826 -0.00946321 0.0189202
internal_weight=0 37700.5 350295 286497 232665 218832 88180.8 53832.8 130651
internal_count=918253 90968 827285 673541 545191 512043 210508 128350 301535
is_linear=0
shrinkage=0.5


Tree=13
num_leaves=10
num_cat=0
split_feature=6 15 4 12 12 10 15 1 10
split_gain=60.8729 67.5803 70.3824 55.0761 52.8435 49.5238 55.0766 67.9536 48.0795
threshold=0.29249718785285955 0.037355458363890655 0.57248666882514965 0.02340195327997208 -0.12084804475307463 0.1149585358798504 -0.00091383655671961595 0.65533456206321727 -0.011579955928027628
decision_type=2 2 2 2 2 2 2 2 2
left_child=1 4 -3 -4 -1 6 -6 -8 -2
right_child=8 2 3 -5 5 -7 7 -9 -10
leaf_value=0.096160054504117853 -0.090691824958856596 0.0055363444801714195 0.065039826732578188 -0.011593589720070102 -0.016795341856312915 -0.015799275714350476 0.045762503585283699 0.0028977801712036155 -0.014656299259091518
leaf_weight=1413.4561356306076 2212.4613271951675 24759.767476901412 11516.868624046445 2943.9070388823748 34247.710699394345 46414.730711832643 9651.2725739628077 220170.951944381 34481.315299004316
leaf_count=3136 5504 59830 25813 6937 80688 112569 21545 518831 83400
internal_value=0 0.00216187 0.0217234 0.0494389 -0.000297949 -0.000737066 0.00191037 0.00469786 -0.0192409
internal_weight=0 351119 39220.5 14460.8 311898 310485 264070 229822 36693.8
internal_count=918253 829349 92580 32750 736769 733633 621064 540376 88904
is_linear=0
shrinkage=0.5


Tree=14
num_leaves=10
num_cat=0
split_feature=0 9 5 1 0 12 1 12 13
split_gain=69.6988 72.0823 62.4274 64.4616 181.968 80.5076 74.4534 70.6823 65.1615
threshold=0.21275863051414493 0.28001593053340917 0.19588214904069903 0.81822505593299877 0.33680710196495062 0.030490715056657795 0.84527078270912182 -0.037691544741392129 0.049140831455588348
decision_type=2 2 2 2 2 2 2 2 2
left_child=1 -1 3 8 6 7 -5 -6 -2
right_child=2 -3 -4 4 5 -7 -8 -9 -10
leaf_value=0.00022784344669904031 -0.022132322598415854 -0.024301049475959763 -0.022635157580876263 -0.012633658292115142 -0.023146975780197841 -0.016559081589901867 -0.063466370747591719 0.022803303366682071 0.0192530673279875
leaf_weight=74231.331013768911 10465.264516472816 50209.972640022635 19363.461447000504 15930.674021035433 9556.5090833455324 23113.284247115254 13149.028425261378 67350.672403514385 104334.51786594093
leaf_count=172943 25359 119832 46299 38154 23544 57045 32935 159693 242449
internal_value=0 -0.00966915 0.00469089 0.00686033 -0.00080484 0.00931688 -0.0356188 0.0170935 0.0154803
internal_weight=0 124441 263263 243900 129100 100020 29079.7 76907.2 114800
internal_count=918253 292775 625478 579179 311371 240282 71089 183237 267808
is_linear=0
shrinkage=0.5


Tree=15
num_leaves=10
num_cat=0
split_feature=11 8 10 6 0 0 6 4 16
split_gain=70.3557 60.772 56.3091 57.9602 53.7728 48.7904 48.1043 43.62 43.0316
threshold=0.037090240046381957 -0.069082990288734422 0.0017948664026334884 0.052218073979020126 0.11099503561854364 0.24815031141042712 0.1097785495221615 0.42571833729743963 -0.0099198468960821611
decision_type=2 2 2 2 2 2 2 2 2
left_child=1 5 3 -3 -2 6 -1 -5 -6
right_child=4 2 -4 7 8 -7 -8 -9 -10
leaf_value=-0.032951536986146251 -0.073949897323707367 0.026113279157539106 -0.00023936029217653772 -0.032990372852328032 -0.11497054145752333 -0.0029354462949772631 -0.12886148210272008 0.0092215901988880414 -0.010272721341118703
leaf_weight=9363.8196081668139 3630.2287035435438 49739.342967003584 197690.5376149863 7980.3057442754507 994.50969713926315 15977.962543278933 1519.5156214535236 26254.255515784025 74534.95267021656
leaf_count=22390 8938 113700 468421 19411 2579 37736 3851 61302 180850
internal_value=0 0.00220114 0.00436821 0.0152153 -0.0145083 -0.0205225 -0.0463423 -0.000618301 -0.0116513
internal_weight=0 308526 281664 83973.9 79159.7 26861.3 10883.3 34234.6 75529.5
internal_count=919178 726811 662834 194413 192367 63977 26241 80713 183429
is_linear=0
shrinkage=0.5


Tree=16
num_leaves=10
num_cat=0
split_feature=1 14 0 1 1 6 10 13 0
split_gain=53.2941 45.8184 45.2152 67.7722 75.9238 61.7615 62.0531 55.5165 57.0593
threshold=0.61676087975502025 -0.00067339540692046274 0.18965049088001254 0.89374887943267833 0.70113405585289013 0.16694299131631854 0.13555230200290683 0.093369025737047209 0.48762524127960211
decision_type=2 2 2 2 2 2 2 2 2
left_child=1 -1 3 4 -2 6 7 -4 -9
right_child=2 -3 5 -5 -6 -7 -8 8 -10
leaf_value=-0.0092173302914420694 0.0038773924518910323 0.088204405683351736 0.0039402444284405711 0.17930161504707284 -0.024109374548027668 -0.0080679076458811498 -0.012872248565247811 0.019978645776786787 0.091796432852455881
leaf_weight=1975.6806665062904 44319.909472480416 3101.5392932891846 93525.587689176202 467.99514962732792 53469.285965457559 100148.4309168309 31428.993161678314 56277.959087073803 2908.6197965294123
leaf_count=4562 102644 6691 223321 997 127936 240598 76756 129162 6511
internal_value=0 0.050295 -0.00127051 -0.0105168 -0.0114252 0.00192523 0.00736017 0.0115241 0.023508
internal_weight=0 5077.22 382547 98257.2 97789.2 284290 184141 152712 59186.6
internal_count=919178 11253 907925 231577 230580 676348 435750 358994 135673
is_linear=0
shrinkage=0.5


Tree=17
num_leaves=10
num_cat=0
split_feature=10 5 14 15 17 17 13 17 17
split_gain=39.6466 37.9817 38.5629 44.3429 47.0594 38.4888 38.244 35.4116 47.2302
threshold=-0.08162434026598929 -0.37090529501438135 -0.011006101500242947 0.048748368397355087 0.018453750759363178 0.034568646922707565 0.058081841096282012 -0.0043833530507981769 0.0023852526210248475
decision_type=2 2 2 2 2 2 2 2 2
left_child=-1 -2 -3 4 7 -5 -6 -4 -9
right_child=1 2 3 5 6 -7 -8 8 -10
leaf_value=0.045847265541999825 -0.04106467696446138 -0.026853192074247956 -0.012694152568346894 0.03546919818819616 -0.14884670197227301 -0.023386483525225921 -0.022829172673214149 0.0086415509848867048 -0.0042019363523432343
leaf_weight=4602.0766378939152 5779.6927923858166 13121.092773869634 42989.206073105335 15057.054265037179 628.97717674076557 3406.1636500656605 14069.398538932204 154483.17144854367 133384.57178598642
leaf_count=10543 14664 31748 102376 35252 1744 8425 34367 362401 317658
internal_value=0 -0.000839095 -0.000222635 0.000737267 -0.000538336 0.0246113 -0.0282218 0.000691505 0.00269047
internal_weight=0 382919 377140 364019 345555 18463.2 14698.4 330857 287868
internal_count=919178 908635 893971 862223 818546 43677 36111 782435 680059
is_linear=0
shrinkage=0.5


Tree=18
num_leaves=10
num_cat=0
split_feature=3 13 9 13 0 1 11 0 9
split_gain=33.7218 35.4506 39.0226 32.2986 33.1493 65.3587 53.1276 47.6218 46.5217
threshold=0.86167454719543468 0.0099104875698685663 0.072762478142976775 0.070196412503719344 0.14006763696670535 0.75690189003944408 -0.035693902522325509 0.28942926228046423 0.48669299483299261
decision_type=2 2 2 2 2 2 2 2 2
left_child=1 2 -1 -3 6 8 -5 -7 -6
right_child=-2 3 -4 4 5 7 -8 -9 -10
leaf_value=0.15594120226985683 0.017107827486006536 -0.010419459240221182 -0.022988676077674512 -0.069155559257616989 0.021978617384989376 -0.015111451568446416 -0.0066582055832664121 0.003202473856005238 -0.028700142422814646
leaf_weight=741.08201710879803 26414.9354467839 81884.725875556469 517.4907268434763 3789.8465166240931 53005.866756305099 48174.315637856722 33095.850238993764 134879.63666906953 4951.397719681263
leaf_count=1540 61867 198671 1222 9235 121885 115033 77317 320528 11880
internal_value=0 -0.00139907 0.0823701 -0.0016921 0.000879487 0.00301585 -0.0130795 -0.0016172 0.017649
internal_weight=0 361040 1258.57 359782 277897 241011 36885.7 183054 57957.3
internal_count=919178 857311 2762 854549 655878 569326 86552 435561 133765
is_linear=0
shrinkage=0.5


Tree=19
num_leaves=10
num_cat=0
split_feature=15 3 1 11 1 15 4 11 16
split_gain=37.7069 60.7302 33.3003 29.7318 40.361 36.5678 40.5269 36.5611 32.0896
threshold=-0.0097849452868103964 0.40640242397785192 0.71312361955642711 0.0061060599982738504 0.66821393370628368 0.02329288795590401 0.68367937207221996 -0.023392785340547558 -0.0010711394716054199
decision_type=2 2 2 2 2 2 2 2 2
left_child=1 -1 -3 7 8 6 -6 -2 -5
right_child=3 2 -4 4 5 -7 -8 -9 -10
leaf_value=-0.049567995464705604 -0.0064120171519093218 0.062798790245955818 0.24393410032810989 -0.019485997128515033 -0.0098277404027746172 0.0019123034405110787 -0.044661940952617878 0.0083142870657974145 0.036708649235792513
leaf_weight=603.30967307090759 60435.567520454526 522.80103935301304 493.01550668478012 3452.4289159029722 94244.866170957685 69568.841469198465 9161.3746532201767 139281.93388742208 9617.5545867681503
leaf_count=1471 143422 1165 990 8153 226935 167439 21813 326009 21781
internal_value=0 0.0760841 0.150711 -0.000378608 -0.0049266 -0.00695096 -0.0129139 0.00385803 0.0218649
internal_weight=0 1619.13 1015.82 385763 186045 172975 103406 199718 13070
internal_count=919178 3626 2155 915552 446121 416187 248748 469431 29934
is_linear=0
shrinkage=0.5


Tree=20
num_leaves=10
num_cat=0
split_feature=16 0 0 17 4 13 7 7 13
split_gain=38.781 74.9128 36.816 56.2143 35.6227 32.9351 33.877 32.6935 44.4284
threshold=0.0028469141107052569 0.18965049088001254 0.45189437270164495 0.015019599348306658 0.60557731986045849 0.14453465491533282 0.12817154824733737 -0.032690431922674172 0.10021446645259859
decision_type=2 2 2 2 2 2 2 2 2
left_child=5 4 3 -3 -2 6 7 8 -1
right_child=1 2 -4 -5 -6 -7 -8 -9 -10
leaf_value=0.001405961115732057 -0.068694873299498457 -0.0043694575665281727 0.019436740932474123 -0.062663740960252387 -0.013495103396077214 0.035626090898538937 -0.025618388256178126 0.0051779300986368477 -0.02245807666634745
leaf_weight=61267.902651309967 7452.4190932512283 35364.32224971056 13000.820652753115 4683.2299761027098 4808.6591947823763 6934.207611694932 11693.151447057724 213356.18068726361 28611.400795638561
leaf_count=148403 18231 82911 31255 11454 11177 15612 28183 503831 68150
internal_value=0 -0.0118227 -0.00368151 -0.0111865 -0.0470461 0.00154043 0.000789915 0.00180825 -0.00619071
internal_weight=0 65309.5 53048.4 40047.6 12261.1 321863 314929 303235 89879.3
internal_count=919207 155028 125620 94365 29408 764179 748567 720384 216553
is_linear=0
shrinkage=0.5


Tree=21
num_leaves=10
num_cat=0
split_feature=13 17 15 12 5 4 13 12 2
split_gain=29.741 37.5822 31.666 66.548 46.8344 40.4778 40.1027 39.6114 35.4346
threshold=0.1809642165899277 0.034568646922707565 -0.00306959799490869 0.07919668406248094 -0.053839227184653275 0.2780501544475556 0.084942221641540541 -0.035938831046223634 0.34763395786285406
decision_type=2 2 2 2 2 2 2 2 2
left_child=1 2 3 4 -1 -6 -7 -4 -9
right_child=-2 -3 7 -5 5 6 -8 8 -10
leaf_value=0.0088803494501216683 0.067133635057470817 -0.042476145008593154 -0.013205610680028956 0.083111250925656979 0.01261424814545592 -0.095921107154181062 -0.030938669450585252 -0.017565024856422078 0.004287270136106385
leaf_weight=5703.5748407542706 1625.915816783905 5292.4857893139124 43214.325735628605 1448.4839007407427 2347.7437628060579 4374.5523286610842 5192.2437075972557 19781.722118958831 298247.77044536173
leaf_count=13496 3585 13324 103893 3181 5503 10795 12237 47245 705948
internal_value=0 -0.000632455 -5.0149e-05 -0.0199093 -0.0283792 -0.0462156 -0.0606528 0.000998026 0.00292804
internal_weight=0 385603 380310 19066.6 17618.1 11914.5 9566.8 361244 318029
internal_count=919207 915622 902298 45212 42031 28535 23032 857086 753193
is_linear=0
shrinkage=0.5


Tree=22
num_leaves=10
num_cat=0
split_feature=5 5 7 14 7 16 7 4 6
split_gain=32.1624 59.8676 48.1493 46.1455 45.9879 44.1344 42.8514 38.0869 32.0588
threshold=-0.019024883396923539 0.078017599880695357 -0.12710117548704145 0.00067346621653996419 -0.036078648641705506 -0.0013606088468804953 0.017874502576887611 1.0000000180025095e-35 0.21941193193197253
decision_type=2 2 2 2 2 2 2 2 2
left_child=6 4 -3 -4 -2 -5 -1 -6 -7
right_child=1 2 3 5 7 8 -8 -9 -10
leaf_value=-0.00084639236476590754 -0.0090734492546857351 -0.10736691984181207 -0.017045272363849347 -0.028284018215269512 -0.042164061119069125 0.024047728839199714 -0.019605819030078537 0.015349885596142527 -0.019652549626731797
leaf_weight=122410.9085624665 26596.954261228442 1186.2337590008974 42119.962207913399 6944.2559996694326 2951.7236955016851 23309.268645137548 40517.435897186399 116070.33287709951 5118.3508644402027
leaf_count=295153 62931 2939 100600 16610 7598 53587 97229 270279 12281
internal_value=0 0.00371877 -0.00739436 -0.00586399 0.00972321 0.00745041 -0.00551153 0.0139236 0.0161796
internal_weight=0 224297 78678.1 77491.8 145619 35371.9 162928 119022 28427.6
internal_count=919207 526825 186017 183078 340808 82478 392382 277877 65868
is_linear=0
shrinkage=0.5


Tree=23
num_leaves=10
num_cat=0
split_feature=0 1 14 8 8 0 0 5 10
split_gain=23.3403 36.5538 21.8745 37.6263 41.9046 34.4766 32 48.8118 34.3804
threshold=0.6731194555759431 0.90693640708923351 -0.00060537329409271468 -0.11293183639645575 0.079635143280029311 0.23357784003019336 0.096574928611516966 -0.052355991676449769 0.040297958999872215
decision_type=2 2 2 2 2 2 2 2 2
left_child=2 -2 6 5 -5 -4 7 -1 -8
right_child=1 -3 3 4 -6 -7 8 -9 -10
leaf_value=-0.093921825983800805 -0.18907007104458523 -0.022724264199741252 -0.12355618453478295 0.0086932341886458622 -0.012093279295020458 -0.016052979356550746 0.0046254718650802608 -0.013154737442934286 -0.0088394907868779779
leaf_weight=2274.8266529887915 384.33011771738529 2347.2001468241215 1021.9389271885157 148476.73800350726 28977.954342603683 2760.0436552911997 101213.233001858 10529.092033088207 89174.950606778264
leaf_count=5679 1126 6227 2597 349411 70064 6574 238229 24692 214608
internal_value=0 -0.0461294 0.000253533 0.0042471 0.00529884 -0.0451017 -0.00330852 -0.0275043 -0.00168131
internal_weight=0 2731.53 384429 181237 177455 3781.98 203192 12803.9 190388
internal_count=919207 7353 911854 428646 419475 9171 483208 30371 452837
is_linear=0
shrinkage=0.5


Tree=24
num_leaves=10
num_cat=0
split_feature=4 14 14 5 13 4 9 14 14
split_gain=25.116 27.2505 25.088 41.5925 43.3713 30.7757 71.0178 58.1471 35.1891
threshold=0.82173535227775585 0.023359986953437332 -0.0091795772314071638 -0.20626821368932721 0.07689115405082704 0.49006775021553045 0.02777079958468676 -0.003991752862930297 0.0053654341027140626
decision_type=2 2 2 2 2 2 2 2 2
left_child=1 2 3 -1 -5 6 -4 -8 -9
right_child=-2 -3 5 4 -6 -7 7 8 -10
leaf_value=0.10987769487843256 0.023596680738327502 -0.057828611113879283 0.08048620769362598 0.04701042194287567 -0.031625816383036083 0.0058930649352655594 -0.032480639368379811 -0.00026639387297614728 -0.03039175954483361
leaf_weight=610.43697932362556 10928.088907942176 2077.2848548442125 2486.0552773326635 1973.2792146503925 15740.795490443707 152596.50009356439 17043.743251010776 173367.48321288824 10267.672438144684
leaf_count=1454 24864 5149 5608 4815 38305 357294 42399 414131 25188
internal_value=0 -0.00071931 -0.000402184 -0.018444 -0.022866 0.000527111 -0.00350324 -0.00454372 -0.00195081
internal_weight=0 376163 374086 18324.5 17714.1 355761 203165 200679 183635
internal_count=919207 894343 889194 44574 43120 844620 487326 481718 439319
is_linear=0
shrinkage=0.5


Tree=25
num_leaves=10
num_cat=0
split_feature=0 1 1 15 0 9 8 0 6
split_gain=32.1169 64.3415 42.5615 59.9088 67.0988 41.3724 36.0815 35.6401 32.1137
threshold=0.49109618365764623 0.81995269656181347 0.86827978491783153 0.0019737039692699914 0.3668243288993836 0.2944158166646958 -0.029716035351157185 0.20129511505365374 0.42871879041194921
decision_type=2 2 2 2 2 2 2 2 2
left_child=2 -2 8 -4 6 -6 -5 -8 -1
right_child=1 -3 3 4 5 -7 7 -9 -10
leaf_value=0.0038759028249082906 -0.061320644304460124 0.021779426814229317 0.093307953322713466 -0.009131945984980492 -0.021113592792355439 0.020115434514943506 0.042778119146480637 -0.086292026609614533 -0.058876409757626418
leaf_weight=309112.18650384247 2484.8163548707962 37221.234043613076 1242.4588640928268 3067.7851819396019 15557.527977094054 9993.2832893431187 587.2025256305933 5998.2594748735428 2052.318737462163
leaf_count=726447 6388 91689 2817 7534 37817 23776 1366 15440 4945
internal_value=0 0.016579 0.00156852 -0.0145973 -0.0184056 -0.00498834 -0.0539194 -0.0747833 0.00346201
internal_weight=0 39706.1 347611 36446.5 35204.1 25550.8 9653.25 6585.46 311165
internal_count=918219 98077 820142 88750 85933 61593 24340 16806 731392
is_linear=0
shrinkage=0.5


Tree=26
num_leaves=10
num_cat=0
split_feature=2 17 4 0 0 6 17 13 10
split_gain=34.0401 31.6238 27.3638 40.5989 40.0937 67.0099 60.1118 34.3058 33.8438
threshold=0.08280185237526895 -0.012881223578006027 0.10850360617041589 0.38382230699062353 0.35960321128368383 0.12248609587550165 0.0034479561727494006 0.066361371427774443 -0.0043920429889112702
decision_type=2 2 2 2 2 2 2 2 2
left_child=-1 -2 3 -3 5 6 -4 8 -8
right_child=1 2 4 -5 -6 -7 7 -9 -10
leaf_value=0.038612207493494366 0.072546563071492903 -0.0020578429684942248 0.0083010762807079648 -0.068965184585102396 0.0088620896082161303 -0.016626545100651837 -0.091887108955736901 -0.0058511890942765108 -0.021534052186808608
leaf_weight=6100.6301018297672 1536.7461226433516 6592.3681421726942 131301.02454322577 3455.8422894179821 120513.20202130079 61133.360108017921 2298.4992834180593 47568.454747542739 6670.1988707482815
leaf_count=14063 3518 15739 306785 9115 288696 145867 5757 112402 16277
internal_value=0 0.000965487 0.000675652 -0.025069 0.00137578 -0.00224792 0.00243172 -0.0111992 -0.0395641
internal_weight=0 381070 379533 10048.2 369485 248972 187838 56537.2 8968.7
internal_count=918219 904156 900638 24854 875784 587088 441221 134436 22034
is_linear=0
shrinkage=0.5


Tree=27
num_leaves=10
num_cat=0
split_feature=10 5 16 0 4 9 17 6 1
split_gain=25.6519 19.4023 19.1011 19.0452 51.839 30.5047 26.3131 27.206 24.0929
threshold=0.27961267530918127 -0.0042600831948220721 -0.0012281167437322436 0.064575944095850005 0.56403198838233959 0.080139458179473891 0.0020338100148364906 -0.0244144182652235 0.71936443448066723
decision_type=2 2 2 2 2 2 2 2 2
left_child=3 -2 -3 4 5 -1 7 -7 -5
right_child=1 2 -4 8 -6 6 -8 -9 -10
leaf_value=0.077634137729048619 -0.051679576034500851 -0.071831303894183574 0.010526908723894344 0.010202072770793552 0.040679822383355713 -0.067170478801852937 -0.088747613949269097 -0.0013111136257017114 3.5912952195511374e-05
leaf_weight=558.14059682190418 3993.2306693792343 859.71132777631283 3887.4669121056795 72736.919248312712 2894.7318396568298 2557.7607657760382 2313.7757529169321 4052.6317729502916 293211.38763001561
leaf_count=1216 10202 2178 9501 168339 6468 6182 5703 9388 699042
internal_value=0 -0.0259942 -0.00438812 0.00140415 -0.0178858 -0.0357646 -0.0428568 -0.0267941 0.00205657
internal_weight=0 8740.41 4747.18 378325 12377 9482.31 8924.17 6610.39 365948
internal_count=918219 21881 11679 896338 28957 22489 21273 15570 867381
is_linear=0
shrinkage=0.5


Tree=28
num_leaves=10
num_cat=0
split_feature=17 9 10 9 13 14 3 1 8
split_gain=20.6808 28.422 27.0944 26.2311 24.2896 44.9923 27.5218 22.4532 21.9032
threshold=-0.0029717922443523999 0.2086448818445206 0.048462254926562316 0.022210505791008476 0.074451532214880004 -0.00064020417630672444 0.042782807722687728 0.74657219648361217 0.014333925675600769
decision_type=2 2 2 2 2 2 2 2 2
left_child=1 2 3 -1 5 -3 7 -6 -9
right_child=-2 4 -4 -5 6 -7 -8 8 -10
leaf_value=-0.067093731644405769 0.002142510984772094 -0.097228934905055076 -0.031884772115515013 0.013331822452767093 -0.025340300344797704 -0.012753535256855327 -0.013928948661492043 0.14947979233607153 0.014075055286829299
leaf_weight=1055.6340178400278 315197.29564774036 2461.5121636986732 4477.9340078830719 25606.647816777229 665.39865793287754 4382.629851385951 31909.208264485002 668.99687765538692 539.52054089307785
leaf_count=2594 747776 6308 10961 59619 1579 10662 76013 1441 1266
internal_value=0 -0.00726197 0.00410334 0.0101476 -0.0159733 -0.0431353 -0.0104705 0.0484194 0.0890308
internal_weight=0 71767.5 31140.2 26662.3 40627.3 6844.14 33783.1 1873.92 1208.52
internal_count=918219 170443 73174 62213 97269 16970 80299 4286 2707
is_linear=0
shrinkage=0.5


Tree=29
num_leaves=10
num_cat=0
split_feature=15 10 16 9 1 16 6 13 16
split_gain=18.8033 42.5303 35.4912 23.9894 51.4559 21.2513 19.6438 19.4794 32.8841
threshold=0.020304566249251369 0.087837066501379027 0.0080622872337698954 0.12094500288367273 0.77670949697494518 0.002355007803998888 -0.029449702240526673 0.094054270535707488 0.0046219625510275373
decision_type=2 2 2 2 2 2 2 2 2
left_child=1 2 -1 4 -2 -3 -4 -6 -9
right_child=3 5 6 -5 7 -7 -8 8 -10
leaf_value=0.0015921112667122372 0.12024625947305996 -0.013073068843537856 0.037404317810848811 0.0071718953823307957 -0.029177286639439259 -0.047909001663280923 -0.04931369080652135 -0.017272927087441697 0.057175747779532549
leaf_weight=194358.44515043497 713.6525449603796 34750.212492704391 750.0442637950182 127256.46156142652 11692.057375356555 5009.0063269585371 5050.0028909146786 5265.3774915933609 2064.9280732274055
leaf_count=457126 1522 84571 1693 302705 29094 12319 12195 12387 4607
internal_value=0 -0.00252506 0.000441954 0.00465641 -0.0115633 -0.0174618 -0.0380996 -0.0165083 0.00369907
internal_weight=0 239918 200158 146992 19736 39759.2 5800.05 19022.4 7330.31
internal_count=918219 567904 471014 350315 47610 96890 13888 46088 16994
is_linear=0
shrinkage=0.5


Tree=30
num_leaves=10
num_cat=0
split_feature=0 1 1 2 17 13 15 14 2
split_gain=36.2111 43.4427 40.8429 59.062 53.8385 47.0679 44.2406 46.0067 40.1155
threshold=0.22886653244495395 0.82346487045288097 0.74344256520271312 0.70612642168998729 -0.0085660153999924642 0.014669626019895078 -0.0028282915009185667 -0.0010271471692249177 0.95042660832405101
decision_type=2 2 2 2 2 2 2 2 2
left_child=2 -2 6 4 -4 -6 -1 -8 -3
right_child=1 8 3 -5 5 -7 7 -9 -10
leaf_value=-0.025380177816543083 0.010644970192621771 -0.0098454771421658451 0.10595179772556358 -0.037985220403302628 0.10939435766890335 -0.011216103513694826 -0.010323987903770657 0.014607983817091916 0.0079759864598209409
leaf_weight=14704.497358888388 116961.85260547698 77814.519046083093 1095.413807913661 21178.621048867702 836.36823342740536 24629.831362292171 31008.761144921184 45880.800820305943 53140.80407486856
leaf_count=34873 273651 189206 2456 51445 1785 59536 72931 105592 127840
internal_value=0 0.00364148 -0.0064326 -0.01829 -0.00258628 -0.00725498 -0.000252318 0.00455318 -0.00261365
internal_weight=0 247917 139334 47740.2 26561.6 25466.2 91594.1 76889.6 130955
internal_count=919315 590697 328618 115222 63777 61321 213396 178523 317046
is_linear=0
shrinkage=0.5


Tree=31
num_leaves=10
num_cat=0
split_feature=5 13 15 15 9 1 9 7 17
split_gain=29.509 31.0529 33.2963 23.3389 23.82 23.171 22.7486 21.7771 24.8813
threshold=0.27647155523300176 0.038513991981744773 0.004344434943050147 -0.0097849452868103964 0.15665023773908618 0.88800224661827099 0.19184951484203341 0.046856347471475608 0.00086601200746372353
decision_type=2 2 2 2 2 2 2 2 2
left_child=1 2 7 4 -3 6 -2 8 -1
right_child=5 3 -4 -5 -6 -7 -8 -9 -10
leaf_value=-0.012154541830351721 -0.011774601315048882 0.13816779931557469 0.0096954032528061666 0.0015227693276025757 0.012104466430632623 0.017171184619806677 -0.070121477481748989 -0.093061923222469436 -0.061760123314826242
leaf_weight=9256.3819527775049 3128.6476244181395 627.20463959872723 7235.4353166222572 355494.69897529483 930.84090068936348 2107.1047505140305 3584.515560016036 1324.6776639968157 3477.5485010743141
leaf_count=21845 7393 1330 17648 843144 2173 5107 8822 3311 8542
internal_value=0 0.000684176 -0.0178645 0.00179039 0.0628523 -0.0285715 -0.0429291 -0.0320485 -0.0257015
internal_weight=0 378347 21294 357053 1558.05 8820.27 6713.16 14058.6 12733.9
internal_count=919315 897993 51346 846647 3503 21322 16215 33698 30387
is_linear=0
shrinkage=0.5


Tree=32
num_leaves=10
num_cat=0
split_feature=2 12 14 3 3 6 13 14 12
split_gain=18.4139 30.8689 17.1662 28.1682 28.0838 21.7397 19.2478 21.1636 22.4677
threshold=0.99949318170547496 0.021061722189188007 -0.0097017805092036707 0.76648354530334484 0.73055604100227367 0.1097785495221615 0.092655241489410414 -0.011918364092707632 -0.035938831046223634
decision_type=2 2 2 2 2 2 2 2 2
left_child=2 -2 3 4 6 -5 -1 8 -8
right_child=1 -3 -4 5 -6 -7 7 -9 -10
leaf_value=0.013257795618374415 0.097170051102471136 -0.058432326204343438 0.0005508709224553368 -0.1571378705044861 0.093409392920774756 -0.039511701936195472 0.064433480165884557 -0.00068222482951275519 -0.052931174142513387
leaf_weight=5061.0426549166441 1143.3313227444887 441.934640660882 366668.57584835589 535.55922454595566 653.19561350345612 1473.7726385742426 440.29298654198647 5228.6182490289211 5521.6985631585121
leaf_count=12378 2546 1099 869987 1392 1473 3639 1005 12328 13468
internal_value=0 0.0537918 -0.000206844 -0.0148958 -0.00824347 -0.0708633 -0.0123292 -0.0239011 -0.0442638
internal_weight=0 1585.27 385583 18914.2 16904.8 2009.33 16251.7 11190.6 5961.99
internal_count=919315 3645 915670 45683 40652 5031 39179 26801 14473
is_linear=0
shrinkage=0.5


Tree=33
num_leaves=10
num_cat=0
split_feature=15 8 2 2 15 6 2 5 12
split_gain=14.1628 63.9804 44.9237 41.0095 28.3543 31.3632 33.9282 31.223 27.6338
threshold=0.004916572244837881 0.17898596078157428 0.82707723975181591 0.80102840065956127 -0.0014203548780642448 -0.01036212360486388 0.85342675447464 -0.27323086559772486 0.0050274932291358718
decision_type=2 2 2 2 2 2 2 2 2
left_child=1 2 3 -1 7 6 -6 -4 -5
right_child=-2 -3 4 8 5 -7 -8 -9 -10
leaf_value=-0.0013104134984735125 0.0017888583353736728 0.10685524601411626 0.090831839811868181 0.081308466735893536 -0.08334193519990582 -0.017381996518063547 0.051586700026937563 -0.046710129166776609 -0.0017801819372634422
leaf_weight=52953.003474846482 287742.52141918242 1259.2241936475039 429.75162672996521 2634.5254504680634 546.3885719627142 26475.67714394629 3162.7377287745476 10347.442131757736 1613.5765584558249
leaf_count=124312 684814 2816 984 5899 1349 63142 7118 25070 3811
internal_value=0 -0.00513342 -0.00656999 0.00248153 -0.0192099 -0.0113495 0.0317105 -0.0412255 0.0497485
internal_weight=0 99422.3 98163.1 57201.1 40962 30184.8 3709.13 10777.2 4248.1
internal_count=919315 234501 231685 134022 97663 71609 8467 26054 9710
is_linear=0
shrinkage=0.5


Tree=34
num_leaves=10
num_cat=0
split_feature=1 15 3 2 5 14 16 15 8
split_gain=16.479 32.0881 24.7934 16.7251 14.415 13.0334 51.8661 37.2236 22.156
threshold=0.60894820094108593 -0.00217587046790868 0.72658812999725353 0.37812833487987524 0.020983427762985233 0.0061806289013475188 -7.6038468250771971e-05 -0.0012448296183720229 0.14712422341108325
decision_type=2 2 2 2 2 2 2 2 2
left_child=1 2 3 -1 -5 -2 7 -7 -8
right_child=5 -3 -4 4 -6 6 8 -9 -10
leaf_value=-0.1138206129314088 0.00066410366047877332 0.10081623515718907 0.095278276598742717 -0.04658586405552944 0.066161822863604128 0.040544769985462324 0.0082121654213154604 -0.052844251866317367 -0.029468043864114273
leaf_weight=449.31348066031933 346645.43837469816 1190.8011074662209 502.84714883565903 691.42158359289169 480.50395937263966 1223.3911578655243 22934.237500697374 8347.0832487791777 4700.9026472121477
leaf_count=1112 822978 2528 1087 1648 1057 2807 54015 20441 11642
internal_value=0 0.0351149 -0.00171847 -0.0318032 -0.000357919 -0.000290403 -0.00918356 -0.0409064 0.00180254
internal_weight=0 3314.89 2124.09 1621.24 1171.93 383851 37205.6 9570.47 27635.1
internal_count=919315 7432 4904 3817 2705 911883 88905 23248 65657
is_linear=0
shrinkage=0.5


Tree=35
num_leaves=10
num_cat=0
split_feature=10 14 0 0 16 14 8 5 17
split_gain=23.228 30.1334 36.7156 45.2014 17.4689 36.1684 30.8627 27.5186 32.3471
threshold=0.20184736698865893 -0.0042571730446070424 0.46016056835651403 0.53230690956115734 0.0016295289387926461 -0.0027653208235278721 -0.041409548372030251 0.067643452435731902 -0.0062834064010530702
decision_type=2 2 2 2 2 2 2 2 2
left_child=4 2 -2 -4 -1 7 -7 -6 -9
right_child=1 -3 3 -5 5 6 -8 8 -10
leaf_value=0.00276973935643338 -0.13791044433721264 -0.0088311628440564081 0.076496860392028673 -0.085886821722333764 -0.013814904672893129 -0.02080874642255175 0.0055897683005620051 0.046743010898088092 -0.074286825967900386
leaf_weight=272619.24767237902 1051.9702232331038 20511.032083436847 720.70307122170925 1057.2123950272799 17020.801054954529 13825.203169882298 55591.242257967591 641.55781725049019 3957.6753405034542
leaf_count=645965 2737 50468 1662 2799 40499 32947 130847 1472 9724
internal_value=0 -0.0155042 -0.0638707 -0.0200623 0.00076717 -0.00522976 0.000332155 -0.0230876 -0.0574041
internal_weight=0 23340.9 2829.89 1777.92 363656 91036.5 69416.4 21620 4599.23
internal_count=919120 57666 7198 4461 861454 215489 163794 51695 11196
is_linear=0
shrinkage=0.5


Tree=36
num_leaves=10
num_cat=0
split_feature=15 4 17 10 6 3 7 0 6
split_gain=16.8829 22.7224 22.1884 31.1655 28.071 24.6311 21.9563 18.1353 45.4378
threshold=0.067729853093624129 0.37357699871063238 0.018008941784501079 0.037127321586012847 0.30164457857608801 0.88580992817878734 0.0070682070218026647 0.22886653244495395 0.20898000895977023
decision_type=2 2 2 2 2 2 2 2 2
left_child=2 -2 7 4 5 -4 -6 8 -1
right_child=1 -3 3 -5 6 -7 -8 -9 -10
leaf_value=-0.0025260246235001968 -0.065210368981246186 0.043253380183469491 -0.02958967512011218 -0.0007374054284311185 -0.14027687738223013 0.083485924521765231 -0.031320599040717483 0.0034740889621174909 -0.065374218189536731
leaf_weight=134728.60592032969 549.10498116910458 4002.6712441593409 8672.8220402747393 17474.228361353278 1014.3092407137156 509.91520829498768 849.72357627749443 216239.93149358034 2938.6106718927622
leaf_count=317432 1423 9252 21034 43074 2728 1153 2093 513696 7235
internal_value=0 0.0301688 -0.000462935 -0.0138789 -0.0346665 -0.0233106 -0.0906089 0.00061824 -0.00386757
internal_weight=0 4551.78 382428 28521 11046.8 9182.74 1864.03 353907 137667
internal_count=919120 10675 908445 70082 27008 22187 4821 838363 324667
is_linear=0
shrinkage=0.5


Tree=37
num_leaves=10
num_cat=0
split_feature=11 13 14 1 12 9 1 15 13
split_gain=24.3275 25.5698 19.1381 22.1349 17.7199 17.6354 16.2884 32.234 16.0868
threshold=0.14377520978450778 0.11281185224652292 0.001969943987205625 0.94344046711921703 0.022817053832113746 0.47730849683284765 0.5976833999156953 -0.0036234008148312564 0.1657732501626015
decision_type=2 2 2 2 2 2 2 2 2
left_child=6 2 3 4 -2 -6 7 -1 -8
right_child=1 -3 -4 -5 5 -7 8 -9 -10
leaf_value=-0.021417439172888141 0.0097678650346490464 -0.074983108084571065 -0.07535318514848216 0.10867873616374235 -0.0089063659134291703 -0.11815766568579883 4.4414778859685634e-05 0.11734944841956203 0.037221152337199755
leaf_weight=816.00844962894917 3696.4908396154642 2052.1870878636837 987.26092608273029 433.3741689324379 887.87103186547756 632.52984887361526 373670.34151865542 859.0492467135191 2932.6662489026785
leaf_count=1920 9127 5136 2587 1112 2249 1714 886910 1805 6560
internal_value=0 -0.0262049 -0.0111237 9.90088e-05 -0.00892085 -0.054358 0.000552731 0.0497488 0.000333916
internal_weight=0 8689.71 6637.53 5650.27 5216.89 1520.4 378278 1675.06 376603
internal_count=919120 21925 16789 14202 13090 3963 897195 3725 893470
is_linear=0
shrinkage=0.5


Tree=38
num_leaves=10
num_cat=0
split_feature=4 10 9 16 6 10 6 12 10
split_gain=17.0308 44.563 41.6255 27.0085 24.0921 23.0932 19.0383 15.7829 24.5941
threshold=0.79073616862297069 -0.00048990012146532525 0.082584999501705184 -0.0018922459566965697 0.44367894530296331 0.053819151595234878 0.38522800803184515 0.015407456085085871 0.0063063642010092744
decision_type=2 2 2 2 2 2 2 2 2
left_child=-1 -2 7 5 -5 -4 -7 8 -3
right_child=1 2 3 4 -6 6 -8 -9 -10
leaf_value=-0.00072912280643276607 0.059346296283805618 0.026333065324187093 0.012203887561952622 0.059686620223408662 -0.032132780361539999 -0.13868432851007406 -0.010296073208389669 -0.11993917433329962 -0.066830174230384357
leaf_weight=370051.97021983564 4315.5641636401415 1162.4300124645233 2909.8351122736931 4053.4463412463665 867.25815281271935 550.02080547809601 607.8576103746891 590.33316925168037 1813.7222189605236
leaf_count=880404 9563 2673 6664 8941 2079 1391 1458 1494 4453
internal_value=0 0.0155153 0.000449027 0.0185842 0.0435037 -0.0115609 -0.0712837 -0.0452561 -0.0304423
internal_weight=0 16870.5 12554.9 8988.42 4920.7 4067.71 1157.88 3566.49 2976.15
internal_count=919120 38716 29153 20533 11020 9513 2849 8620 7126
is_linear=0
shrinkage=0.5


Tree=39
num_leaves=10
num_cat=0
split_feature=17 0 15 17 6 1 12 6 1
split_gain=11.2468 35.1355 25.392 22.928 26.447 25.8339 24.4668 21.5099 33.7768
threshold=-0.0049040429294109336 0.29110370576381689 -0.0014203548780642448 -0.0090111382305622083 0.13341558724641803 0.7400614619255067 -0.03423731587827205 0.049010938033461578 0.83312770724296581
decision_type=2 2 2 2 2 2 2 2 2
left_child=1 7 -3 4 -4 -5 -6 -1 -9
right_child=-2 2 3 5 6 -7 -8 8 -10
leaf_value=-0.006757095616690599 0.000889977057449215 0.11477305829036333 0.094814597886908103 -0.097303924824745369 -0.093122717490772833 0.0015312193713572164 0.034563757560058535 -0.030686480259510134 -0.15887499771479779
leaf_weight=12834.748663499951 348644.55567106605 563.19019719958305 1401.6414591372013 706.91943767666817 477.9050537198782 10214.507408961654 1745.2088401913643 9729.8154833614826 542.53277988731861
leaf_count=30355 827826 1249 3159 1756 1231 24475 4077 23514 1478
internal_value=0 -0.00814537 0.0106031 0.00656996 0.0410271 -0.00486616 0.00711487 -0.0204047 -0.0374567
internal_weight=0 38216.5 15109.4 14546.2 3624.76 10921.4 2223.11 23107.1 10272.3
internal_count=919120 91294 35947 34698 8467 26231 5308 55347 24992
is_linear=0
shrinkage=0.5


Tree=40
num_leaves=10
num_cat=0
split_feature=4 14 5 5 11 12 4 12 9
split_gain=16.0266 25.7814 27.7841 32.2441 24.6098 22.7941 22.5751 27.1542 58.4235
threshold=0.20730739086866382 -0.00074534368468448509 0.087956115603446974 -0.045533297583460801 0.046639082953333862 -0.017899704165756699 0.13627594709396365 0.039663491770625121 0.097789548337459578
decision_type=2 2 2 2 2 2 2 2 2
left_child=1 4 3 5 -1 -3 7 8 -5
right_child=-2 2 -4 6 -6 -7 -8 -9 -10
leaf_value=-0.071605196174729782 0.00052088729561638612 0.020649910027730568 -0.068895961298359162 0.13115242196065158 0.019827804306810266 -0.060254533435799354 0.025310852813574973 -0.035632402095873129 -0.0041297157271500892
leaf_weight=2970.4998171031475 354007.10346953571 1162.5416662395 1646.1854799091816 897.28873592615128 978.31631284952164 3466.767765507102 8965.2710651606321 5134.8720912635326 7218.2702476531267
leaf_count=7448 839362 2840 4176 1876 2406 8850 20935 12854 17647
internal_value=0 -0.0110906 -0.00584302 -0.0019765 -0.0489527 -0.0399373 0.00593378 -0.0071768 0.0108276
internal_weight=0 32440 28491.2 26845 3948.82 4629.31 22215.7 13250.4 8115.56
internal_count=918394 79032 69178 65002 9854 11690 53312 32377 19523
is_linear=0
shrinkage=0.5


Tree=41
num_leaves=10
num_cat=0
split_feature=8 3 4 12 17 2 0 1 13
split_gain=16.0402 27.4446 34.8011 21.9084 23.1167 26.1516 23.2286 23.8817 19.5801
threshold=0.031815651804208762 0.8676736354827882 0.17706552892923358 0.038595324382185943 0.0068315991666167983 0.99949318170547496 0.11536432430148126 0.68106630444526683 0.081553325057029738
decision_type=2 2 2 2 2 2 2 2 2
left_child=8 2 -2 4 5 -4 -6 -8 -1
right_child=1 -3 3 -5 6 -7 7 -9 -10
leaf_value=-0.0030404310678095177 -0.070362820003189872 0.024394471327378146 0.0021820383764680966 -0.017875940069006148 -0.10792750934658987 0.1203309074342163 0.096210130300358118 -0.012080574972441254 0.0061194065691227602
leaf_weight=97531.749663472176 2014.9391396343708 7793.8744110167027 77912.272754192352 25820.586595699191 610.52138082683086 461.75930938124657 506.09807173907757 35537.162970304489 138211.19087609649
leaf_count=233823 5201 18271 184545 62889 1540 997 1112 86316 323700
internal_value=0 -0.00420926 -0.00576973 -0.00484567 -0.00192074 0.00287814 -0.0121818 -0.01056 0.00232979
internal_weight=0 150657 142863 140848 115028 78374 36653.8 36043.3 235743
internal_count=918394 360871 342600 337399 274510 185542 88968 87428 557523
is_linear=0
shrinkage=0.495


Tree=42
num_leaves=10
num_cat=0
split_feature=0 16 4 2 13 14 16 1 6
split_gain=16.0324 29.1237 51.4336 65.2143 45.4303 45.3123 27.5382 25.6153 38.0307
threshold=0.15846150368452075 -0.0005314842564985155 0.46868188679218298 0.84946396946907055 0.094728857278823866 -0.00018118865409633142 -0.001293840119615197 0.78568264842033397 0.056424656882882125
decision_type=2 2 2 2 2 2 2 2 2
left_child=1 2 3 5 -5 -1 -7 8 -2
right_child=7 -3 -4 4 -6 6 -8 -9 -10
leaf_value=0.0035426093970573847 0.017835984159610931 0.0011577340190469243 0.00056546746053189479 -0.07706121841668219 -0.23834638572002734 -0.098202637096619763 -0.027035680179156984 -0.0019168944956985399 -0.00035053557568733024
leaf_weight=6053.6938873082399 47786.282319054008 46099.593664526939 15644.101512506604 1727.8064473122358 553.85151025652885 2342.5517465621233 2950.2013571113348 197762.74639181793 65410.192493468523
leaf_count=14431 110686 107656 36531 4263 1499 5911 7003 476545 153869
internal_value=0 -0.00651832 -0.018607 -0.0406157 -0.116212 -0.0254141 -0.0585339 0.00144809 0.00732697
internal_weight=0 75371.8 29272.2 13628.1 2281.66 11346.4 5292.75 310959 113196
internal_count=918394 177294 69638 33107 5762 27345 12914 741100 264555
is_linear=0
shrinkage=0.49005


Tree=43
num_leaves=10
num_cat=0
split_feature=10 1 14 17 0 5 6 5 15
split_gain=13.83 21.8227 16.6585 23.3984 22.9914 23.7115 27.4361 23.7649 14.8721
threshold=-0.05305256508290767 0.9107264280319215 -0.0031206174753606315 0.016409547068178657 0.10878632962703706 -0.052355991676449769 0.089144047349691405 -0.1113084703683853 0.0019737039692699914
decision_type=2 2 2 2 2 2 2 2 2
left_child=1 2 -1 4 8 7 -7 -6 -4
right_child=-2 -3 3 -5 5 6 -8 -9 -10
leaf_value=-0.014977544477018712 -0.00057423403612003911 -0.089514541843233708 0.029152515629720932 -0.070101802400533708 0.039887151400002922 0.045391297231519086 -0.076766818460005867 0.15350065363243151 -0.046336094220685298
leaf_weight=2537.7189617604017 373954.67383398116 445.24827064573765 1388.8814135342836 525.60779355466366 831.61872239410877 4117.6021053344011 483.56165838241577 904.8179771900177 1101.3894155025482
leaf_count=6065 889671 1117 3197 1290 1953 9312 1195 1924 2670
internal_value=0 0.0159355 0.0198839 0.0293422 0.0352631 0.0507831 0.032553 0.0990886 -0.00423436
internal_weight=0 12336.4 11891.2 9353.48 8827.87 6337.6 4601.16 1736.44 2490.27
internal_count=918394 28723 27606 21541 20251 14384 10507 3877 5867
is_linear=0
shrinkage=0.48515


Tree=44
num_leaves=10
num_cat=0
split_feature=7 14 5 7 17 14 13 15 0
split_gain=15.2911 23.7079 16.803 25.834 35.2804 34.6172 24.4426 24.9873 23.3868
threshold=0.25168108940124517 -0.0044691322837024918 0.094250820577144637 0.13680556416511538 0.020519206300377849 0.0040849861688911923 0.10803132876753808 0.0066416433546692142 0.10159672796726228
decision_type=2 2 2 2 2 2 2 2 2
left_child=2 -2 -1 5 -5 8 -7 -8 -4
right_child=1 -3 3 4 -6 6 7 -9 -10
leaf_value=0.0011328902212178291 -0.048884304499251061 0.056004869603614733 -0.061815415954517672 0.026060946517324855 -0.068078697391454196 0.02321492865099491 0.063719517240410806 -0.046320421425847462 -0.015101043320685938
leaf_weight=319525.42518152297 628.39360573887825 2379.4775291532278 2638.4702157229185 8410.289659127593 1030.9256160855293 9283.7202775627375 585.08620199561119 2554.1066694408655 39241.311122477055
leaf_count=760118 1567 5490 6384 19695 2643 21493 1285 6052 93667
internal_value=0 0.0340918 -0.000287538 -0.00740764 0.0157814 -0.0114394 0.0108264 -0.0258111 -0.0180441
internal_weight=0 3007.87 383269 63743.9 9441.22 54302.7 12422.9 3139.19 41879.8
internal_count=918394 7057 911337 151219 22338 128881 28830 7337 100051
is_linear=0
shrinkage=0.480298


Tree=45
num_leaves=10
num_cat=0
split_feature=12 15 1 6 0 1 15 7 1
split_gain=20.2 25.9498 27.9975 27.7063 24.1569 22.2744 34.2347 31.9995 28.0885
threshold=-0.021767762489616867 -0.0019698517862707372 0.65047353506088268 0.034607561305165298 0.31016871333122259 0.95631530880928051 0.0505550503730774 0.010110998991876842 0.9129125475883485
decision_type=2 2 2 2 2 2 2 2 2
left_child=1 2 -1 -4 -5 6 8 -7 -2
right_child=5 -3 3 4 -6 7 -8 -9 -10
leaf_value=-0.030954556514680289 0.00095285074469349002 -0.010269837370301413 0.062895811086912626 -0.035809114849221807 0.075946349370247648 -0.0072641496751961309 0.023206379257912853 -0.12882376661499129 -0.0276048790914434
leaf_weight=1889.6402383893728 280796.79517751932 72432.603002890944 3401.6665148586035 1611.0570402443409 600.25368610024452 1530.2061419636011 15348.833444312215 719.99013189971447 8009.1705161780119
leaf_count=4483 664586 174078 7716 3943 1369 4015 36314 1971 20551
internal_value=0 -0.00751254 0.0191072 0.0359608 -0.00547343 0.000975143 0.00132385 -0.0461593 0.000160887
internal_weight=0 79935.2 7502.62 5612.98 2211.31 306405 304155 2250.2 288806
internal_count=919026 191589 17511 13028 5312 727437 721451 5986 685137
is_linear=0
shrinkage=0.475495


Tree=46
num_leaves=10
num_cat=0
split_feature=8 0 14 16 0 4 15 13 7
split_gain=16.8916 28.3536 25.3737 34.2627 36.0005 28.6324 25.2612 25.0555 24.9091
threshold=-0.029716035351157185 0.32337522506713873 0.011188808828592302 0.017366150394082073 0.28942926228046423 0.68680590391159069 0.00042920734267681843 0.035983711481094367 0.10045344009995462
decision_type=2 2 2 2 2 2 2 2 2
left_child=1 -1 -2 4 -4 8 -3 -8 -6
right_child=2 6 3 -5 5 -7 7 -9 -10
leaf_value=-0.012459914998575475 0.0021106674485241866 0.080238926550158074 0.011421105174777417 0.044097732280047257 -0.04516197587111119 -0.086969503251141056 -0.10476891908362125 0.0052042829204037057 0.034977124051639739
leaf_weight=55639.522838100791 290909.984025985 979.73977267742157 3288.5536725223064 1615.1228949129581 3542.1638300418854 2648.9064767360687 467.30438953638077 26095.420360594988 1134.8238755464554
leaf_count=132521 691647 2210 7646 3809 8901 6625 1223 61809 2635
internal_value=0 -0.00634514 0.00122763 -0.0197775 -0.0294969 -0.0478648 0.00600753 0.00326958 -0.025717
internal_weight=0 83182 303140 12229.6 10614.4 7325.89 27542.5 26562.7 4676.99
internal_count=919026 197763 721263 29616 25807 18161 65242 63032 11536
is_linear=0
shrinkage=0.47074


Tree=47
num_leaves=10
num_cat=0
split_feature=1 15 4 5 12 1 14 13 9
split_gain=16.7105 34.1802 39.4078 29.3921 28.846 27.848 24.0269 26.3512 26.9704
threshold=0.71191507577896129 -0.0050592019688338033 0.096748746931552901 -0.2829833030700683 0.045621844008564956 0.69086870551109325 0.00086600647773593675 0.10653219372034074 0.34214194118976599
decision_type=2 2 2 2 2 2 2 2 2
left_child=1 4 5 -4 -1 -3 -5 -8 -9
right_child=-2 2 3 6 -6 -7 7 8 -10
leaf_value=-0.038466076964339797 -0.0017060989048898461 -0.12870061789817841 -0.10601132166312038 0.0055399610187739177 0.052602705447876576 0.01809158016525144 0.033548325654515224 0.024792267922702556 -0.048244161004104835
leaf_weight=5624.5880099982023 311778.67761021852 758.90580201148987 465.78470902144909 45883.921842679381 872.59826780855656 445.43244504928589 16036.747063905001 2529.4871511459351 1940.5082110911608
leaf_count=13584 746069 1917 1192 106556 1949 1040 36376 5684 4659
internal_value=0 0.00606036 0.00914334 0.0106484 -0.0262352 -0.0744086 0.0114669 0.0247284 -0.00691421
internal_weight=0 74558 68060.8 66856.4 6497.19 1204.34 66390.7 20506.7 4470
internal_count=919026 172957 157424 154467 15533 2957 153275 46719 10343
is_linear=0
shrinkage=0.466033


Tree=48
num_leaves=10
num_cat=0
split_feature=0 1 13 2 13 2 5 6 13
split_gain=12.2364 34.9851 31.3069 39.0364 29.2853 32.4343 36.4366 31.2239 31.5821
threshold=0.36507692933082586 0.8243452012538911 0.026060342788696293 0.95628321170806896 0.039633443579077728 0.93455585837364208 -0.20626821368932721 0.0031709767645224933 0.089356172829866423
decision_type=2 2 2 2 2 2 2 2 2
left_child=1 -1 3 -2 -3 7 -7 -6 -9
right_child=2 4 -4 -5 5 6 -8 8 -10
leaf_value=0.00044962234294040822 -0.098668468656287506 0.023630573880627601 0.0047401621781961879 0.037106874962953375 -0.0342839451633268 -0.15650455825456658 -0.036058337593506774 0.01664836007550884 -0.018405673909052928
leaf_weight=224035.53360664845 1344.5278063565493 3982.3774202615023 117970.56231364608 678.06108832359314 9030.1802679002285 581.14324097335339 6679.9852156490088 10250.89499810338 11733.085649490356
leaf_count=526290 3530 9528 284290 1666 22129 1578 16202 25357 28456
internal_value=0 -0.00184709 0.00376436 -0.0531506 -0.0140235 -0.0179412 -0.0456982 -0.0114427 -0.00206035
internal_weight=0 266293 119993 2022.59 42257.7 38275.3 7261.13 31014.2 21984
internal_count=919026 629540 289486 5196 103250 93722 17780 75942 53813
is_linear=0
shrinkage=0.461372


Tree=49
num_leaves=10
num_cat=0
split_feature=4 9 10 3 2 14 16 0 16
split_gain=14.4266 14.5251 18.4187 16.9138 15.2591 13.586 16.9127 17.4599 23.3777
threshold=0.8050140142440797 0.2619271725416184 0.090324200689792647 0.66678777337074291 0.73382759094238292 -0.013147414196282623 0.013417412061244251 0.46580332517623907 -0.0011322220670990644
decision_type=2 2 2 2 2 2 2 2 2
left_child=-1 2 3 5 -5 -2 7 -7 -9
right_child=1 -3 -4 4 -6 6 -8 8 -10
leaf_value=-0.0005902671968159353 -0.012951092787920178 0.090844049262891843 -0.074696769584897085 0.044384611005405417 -0.040585126825724779 0.027921102310624446 -0.019311331726467037 0.14378918782045869 0.026056120324345313
leaf_weight=372504.80990475416 1821.837121412158 500.44809304177761 496.96532966196537 583.96137380599976 1800.280700802803 5959.9969712197781 1221.1326892077923 698.50194537639618 709.04220600426197
leaf_count=887358 4334 1073 1236 1306 4301 13387 2887 1500 1644
internal_value=0 0.0144532 0.011577 0.0149279 -0.0197739 0.0228754 0.030475 0.0387268 0.0844818
internal_weight=0 13792.2 13291.7 12794.8 2384.24 10410.5 8588.67 7367.54 1407.54
internal_count=919026 31668 30595 29359 5607 23752 19418 16531 3144
is_linear=0
shrinkage=0.456759


Tree=50
num_leaves=10
num_cat=0
split_feature=15 0 16 8 11 13 12 12 17
split_gain=24.0642 21.6731 20.7996 22.3871 28.6826 24.2075 23.567 27.6849 19.0354
threshold=0.024182910099625591 0.63227754831314098 0.0011947259190492334 0.18508740514516833 0.051946884021162994 0.095381092280149474 -0.022849063389003273 0.016827508807182315 0.0051688172388821849
decision_type=2 2 2 2 2 2 2 2 2
left_child=1 2 3 -1 5 6 -5 -8 -2
right_child=8 -3 -4 4 -6 -7 7 -9 -10
leaf_value=0.00036558813658945548 0.014111157779273225 -0.064108534129283051 -0.0079852708773283029 -0.0075292458237552502 -0.073423395357998453 0.00042200048317266476 0.14347997424919035 0.016774851834357396 0.0020345888184481759
leaf_weight=190662.46736526489 40230.537101283669 1130.1772211194038 70924.154257312417 501.98815968632698 443.05353458225727 1315.3968464434147 1141.7583795636892 510.17077571153641 79283.180069252849
leaf_count=452251 94375 3181 168237 1232 1143 3075 2482 1228 191049
internal_value=0 -0.00162201 -0.00135602 0.0010604 0.0349207 0.0487569 0.078275 0.104349 0.00609979
internal_weight=0 266629 265499 194575 3912.37 3469.31 2153.92 1651.93 119514
internal_count=918253 632829 629648 461411 9160 8017 4942 3710 285424
is_linear=0
shrinkage=0.452191


Tree=51
num_leaves=10
num_cat=0
split_feature=5 7 14 7 17 7 16 12 5
split_gain=19.512 27.5739 20.122 26.1646 22.6348 21.632 20.3042 19.8142 18.5095
threshold=1.0000000180025095e-35 0.058809034526348121 0.0084506510756909865 0.13245140016078952 -0.0049040429294109336 0.072175845503807082 0.0030818670056760315 -0.0080224629491567594 0.043207183480262763
decision_type=2 2 2 2 2 2 2 2 2
left_child=1 -1 3 4 5 -3 -5 -7 -2
right_child=8 2 -4 6 -6 7 -8 -9 -10
leaf_value=-0.0008986859958705724 0.0094392432775160691 -0.044286282868143512 0.027710293742558807 -0.10684436644492668 -0.023069574406004361 0.12320595443086992 -0.02243692755115197 0.016217959089612103 0.00020983140965745084
leaf_weight=182212.15606287122 70662.980263665318 606.39655511081219 1722.4950021356344 1227.7441136986017 13625.904635161161 552.78090751171112 1067.9183898568153 931.50392524898052 113482.68562825024
leaf_count=438288 165085 1491 4037 3132 32798 1209 2549 2194 267470
internal_value=0 -0.00262022 -0.0185152 -0.0229357 -0.0164149 0.0269567 -0.0675789 0.0560627 0.00375147
internal_weight=0 201947 19734.7 18012.2 15716.6 2090.68 2295.66 1484.28 184146
internal_count=918253 485698 47410 43373 37692 4894 5681 3403 432555
is_linear=0
shrinkage=0.447669


Tree=52
num_leaves=10
num_cat=0
split_feature=13 10 14 10 8 9 10 14 6
split_gain=12.2118 21.739 27.6909 25.6181 23.3182 19.8196 19.327 18.0419 16.7499
threshold=0.052906177937984473 0.00492573599331081 -0.00088610305101610709 0.0099368374794721621 0.036139322444796569 0.29607857763767248 0.053036471828818328 9.4566199550172328e-05 -0.032877122983336442
decision_type=2 2 2 2 2 2 2 2 2
left_child=1 -1 3 -3 -5 8 -6 -7 -4
right_child=-2 2 5 4 6 7 -8 -9 -10
leaf_value=-0.01886537544117069 0.0011370431687815364 0.042981394325001317 -0.031920095601283317 -0.049581384529757098 0.033082240611913595 -0.044561074774318317 -0.050523908818225466 0.023072972785380029 0.020781779245578603
leaf_weight=17458.116367995739 341067.95343540609 1068.9594470411539 1287.1181824505329 4501.3667228221893 1584.7113985419273 2194.5268595665693 826.25432860851288 1197.4066818505526 14861.484035074711
leaf_count=41799 809141 2515 3103 11419 3852 5711 2177 2910 35626
internal_value=0 -0.00663211 0.0011279 -0.0208686 -0.0307427 0.0101123 0.00442985 -0.0206852 0.0165812
internal_weight=0 44979.9 27521.8 7981.29 6912.33 19540.5 2410.97 3391.93 16148.6
internal_count=918253 109112 67313 19963 17448 47350 6029 8621 38729
is_linear=0
shrinkage=0.443192


Tree=53
num_leaves=10
num_cat=0
split_feature=17 1 11 12 16 4 10 2 7
split_gain=12.2217 18.9052 17.9452 15.2009 21.3916 25.4825 20.6292 30.2901 22.1438
threshold=0.030562158674001697 0.96808764338493358 0.098209798336029067 0.016827508807182315 -0.0099198468960821611 0.72700375318527233 -0.073161691427230821 0.91701373457908641 -0.027164367027580735
decision_type=2 2 2 2 2 2 2 2 2
left_child=1 3 -2 6 5 -5 7 8 -1
right_child=2 -3 -4 4 -6 -7 -8 -9 -10
leaf_value=-0.037412949018966149 -0.026023862967401664 0.061742134302576329 0.024585602765312353 -0.0049101821140755111 -0.0032494158937269382 -0.13651541413339602 0.0016754866655114007 0.11748745275648047 0.036606365859660164
leaf_weight=1065.8884726911783 6950.4144027233124 967.94904933869839 1673.5405255705118 636.50401784479618 114285.70573265851 510.32824736833572 256381.51647126675 670.46695697307587 2881.4231081753969
leaf_count=2593 17278 2416 4240 1574 272946 1336 607863 1405 6602
internal_value=0 0.000502237 -0.0162027 0.000344766 -0.00384774 -0.0634731 0.00219899 0.0312644 0.016619
internal_weight=0 377400 8623.95 376432 115433 1146.83 260999 4617.78 3947.31
internal_count=918253 896735 21518 894319 275856 2910 618463 10600 9195
is_linear=0
shrinkage=0.438761


Tree=54
num_leaves=10
num_cat=0
split_feature=2 11 2 4 7 9 11 11 3
split_gain=8.91944 14.8531 11.9956 15.2203 15.1469 14.1184 12.4391 13.1202 11.4149
threshold=0.99691021442413341 0.14377520978450778 0.99852213263511669 0.47652406990528112 0.018552403897047046 0.35206256806850439 -0.012166795320808886 0.030320961028337482 0.3546943217515946
decision_type=2 2 2 2 2 2 2 2 2
left_child=-1 2 3 4 -2 6 -4 -8 -7
right_child=1 -3 5 -5 -6 8 7 -9 -10
leaf_value=0.00039808772762555512 -0.026831891492601685 -0.087334267188572387 -0.065267591590142907 -0.0039477601296956082 -0.11113943222095726 0.094294507463261693 0.026177466996619648 -0.041861426630360979 0.0070563821767900912
leaf_weight=376937.66938772798 1152.5991410166025 485.11799067258835 580.05246189236641 2581.6915128529072 617.49685774743557 541.74404387176037 1742.6915032118559 771.48169229924679 592.52390189468861
leaf_count=896472 2840 1297 1422 6101 1584 1190 4032 1921 1394
internal_value=0 -0.0133898 -0.0092091 -0.0252187 -0.0562425 0.00726733 -0.00792919 0.00529953 0.0487227
internal_weight=0 9065.4 8580.28 4351.79 1770.1 4228.49 3094.23 2514.17 1134.27
internal_count=918253 21781 20484 10525 4424 9959 7375 5953 2584
is_linear=0
shrinkage=0.434373


Tree=55
num_leaves=10
num_cat=0
split_feature=1 13 9 0 7 15 17 0 12
split_gain=15.8855 24.6828 22.3605 20.4622 18.4085 18.8907 16.3029 17.2622 30.0363
threshold=0.63130640983581554 0.061943516135215766 0.12094500288367273 0.17089564353227618 -0.06760267540812491 0.0012848565238527956 0.017173351719975475 0.61915799975395214 0.091500163078308119
decision_type=2 2 2 2 2 2 2 2 2
left_child=1 -1 -3 4 -4 -6 7 -2 -9
right_child=6 2 3 -5 5 -7 -8 8 -10
leaf_value=-0.027257322894097439 -0.0020693389331860666 0.10888960573052223 -0.055099053226810038 0.094352330686008928 0.031084931600669188 -0.039649657517517499 0.0073009131187683788 -0.014527645249706801 -0.12173539697056562
leaf_weight=1921.3093341588974 337543.88218607008 574.12664188444614 652.62222836911678 633.69805504381657 4948.5138498991728 812.89371740818024 35539.265439808369 2842.756992444396 582.25245279073715
leaf_count=4504 801801 1207 1580 1350 11175 1911 86407 7539 1704
internal_value=0 0.0163019 0.0272823 0.0206343 0.0133511 0.0211048 -0.00146399 -0.00237755 -0.032753
internal_weight=0 9543.16 7621.85 7047.73 6414.03 5761.41 376508 340969 3425.01
internal_count=919178 21727 17223 16016 14666 13086 897451 811044 9243
is_linear=0
shrinkage=0.430029


Tree=56
num_leaves=10
num_cat=0
split_feature=4 14 16 16 14 9 6 1 16
split_gain=15.7808 51.3991 57.0934 39.0697 35.2747 31.5706 30.1829 28.1687 38.1338
threshold=0.37129899859428411 -0.001744527311529964 -0.0011629057116806505 -0.00021504551841644568 -6.1905393522465588e-05 0.25445604324340826 0.08540747314691545 0.80089423060417186 -0.0039192601107060901
decision_type=2 2 2 2 2 2 2 2 2
left_child=1 3 4 7 6 -4 -3 -1 -9
right_child=-2 2 5 -5 -6 -7 -8 8 -10
leaf_value=-0.03501960498562931 0.0011930644231063646 -0.028289250080658385 0.013746438380076746 -0.047336190249560685 -0.056248025709172866 -0.0033187422347345573 0.052055615967979266 -0.10789378484007019 0.0154825510013815
leaf_weight=4626.1081448197365 271447.53600844741 2623.8798761367798 30545.641008555889 8031.3644068092108 5088.4931115955114 55075.726309210062 1251.7162388414145 486.08174593746662 6892.2247446924448
leaf_count=11407 642013 6395 71896 20051 12819 133401 2960 1340 16896
internal_value=0 -0.0047643 -0.00061505 -0.0243522 -0.032941 0.0027693 -0.00233996 -0.00897507 0.00735454
internal_weight=0 114621 94585.5 20035.8 8964.09 85621.4 3875.6 12004.4 7378.31
internal_count=919178 277165 227471 49694 22174 205297 9355 29643 18236
is_linear=0
shrinkage=0.425729


Tree=57
num_leaves=10
num_cat=0
split_feature=2 0 1 0 3 0 1 15 3
split_gain=13.8422 30.8108 52.0301 40.9975 30.6882 32.6597 25.808 25.5771 26.9859
threshold=0.94046014547348034 0.31993079185485845 0.77210664749145519 0.27030214667320257 0.85608914494514476 0.20303233712911609 0.83859136700630199 0.00085681496420875203 0.021155990660190586
decision_type=2 2 2 2 2 2 2 2 2
left_child=-1 2 7 4 5 -4 -5 -2 -9
right_child=1 -3 3 6 -6 -7 -8 8 -10
leaf_value=0.0014735140808864945 -0.026357323733998402 0.00086518503753826642 -0.18458819005225738 -0.0097732535391145871 0.045493754731600035 -0.062878299911754129 -0.083704640451852858 -0.087632623734775664 0.0054836198376350389
leaf_weight=256010.86625768244 6557.6016024649143 84881.065248012543 432.13840152323246 8375.9178051650524 414.1060491502285 4180.0017731636763 932.08837825059891 566.08038452267647 23689.220112353563
leaf_count=608815 15682 203789 1182 19746 947 10360 2422 1404 54831
internal_value=0 -0.00386645 -0.0127624 -0.0337402 -0.0644138 -0.074282 -0.0171766 -0.00300346 0.00331043
internal_weight=0 130028 45147.2 14334.3 5026.25 4612.14 9308.01 30812.9 24255.3
internal_count=919178 310363 106574 34657 12489 11542 22168 71917 56235
is_linear=0
shrinkage=0.421472


Tree=58
num_leaves=10
num_cat=0
split_feature=15 2 0 2 6 13 7 13 3
split_gain=13.0693 29.7833 25.4504 31.7648 35.216 27.8771 21.2477 20.8454 20.7715
threshold=-0.0025943128857761617 0.97212627530097973 0.15131159871816638 0.8147338628768922 0.041707105934619911 0.038513991981744773 -0.082881774753332124 0.097434580326080336 0.10687180981040002
decision_type=2 2 2 2 2 2 2 2 2
left_child=1 2 7 5 -5 -4 -6 8 -1
right_child=-2 -3 3 4 6 -7 -8 -9 -10
leaf_value=-0.068467870299291675 -0.00078713300600653183 -0.046828127102722057 -0.033236643368163489 -0.055594723902554231 0.098319634927487479 0.069733378613314315 0.010314082237699482 0.027643980188846645 -0.0021022027307345662
leaf_weight=913.62577487528324 363560.91480045021 1519.5965856909752 522.28910548985004 1175.0832644104958 627.01565557718277 3704.7238526791334 2004.8761951625347 3912.6018584370613 8106.1468868106604
leaf_count=2275 866433 3744 1268 2925 1393 8277 4769 8972 19122
internal_value=0 0.00957873 0.013667 0.0321113 0.00446496 0.0570104 0.0312803 0.00220881 -0.00882448
internal_weight=0 22486 20966.4 8033.99 3806.98 4227.01 2631.89 12932.4 9019.77
internal_count=919178 52745 49001 18632 9087 9545 6162 30369 21397
is_linear=0
shrinkage=0.417257


Tree=59
num_leaves=10
num_cat=0
split_feature=6 4 16 17 15 16 5 12 0
split_gain=12.0848 29.2965 18.3814 27.9616 28.9811 23.1884 19.5699 18.4713 17.7603
threshold=0.25668136775493627 0.41783580183982855 -0.0084053860045969469 0.0018299908842891457 0.015608189627528192 0.0089277792721986788 -0.16627646237611768 -0.035938831046223634 0.46580332517623907
decision_type=2 2 2 2 2 2 2 2 2
left_child=-1 8 3 -3 -5 -4 -6 -7 -2
right_child=1 2 5 4 6 7 -8 -9 -10
leaf_value=0.00079077032890852042 -0.1223754716117795 -0.050275941848986518 -0.011058589991151169 0.1299629102200652 0.088139652855655518 -0.066391616441507109 0.0088292984016637554 0.023322497941481342 -0.030725710814185424
leaf_weight=335831.26995123923 530.95546026527882 882.63486455380917 36820.773257344961 446.09511192142963 614.34777341783047 421.89455145597458 3908.0470903962851 5455.400463104248 1125.827015414834
leaf_count=797596 1435 2193 89048 972 1445 1078 9512 12907 2992
internal_value=0 -0.00608047 -0.00423711 0.017476 0.0295119 -0.00721256 0.0196033 0.0168825 -0.0600971
internal_weight=0 50206 48549.2 5851.12 4968.49 42698.1 4522.39 5877.3 1656.78
internal_count=919178 121582 117155 14122 11929 103033 10957 13985 4427
is_linear=0
shrinkage=0.413084


end of trees

feature_importances:
B0_R2=55
B0_thrustOm=48
B0_KSFWV14=42
B0_KSFWV15=38
B0_KSFWV4=37
B0_KSFWV3=34
B0_KSFWV17=33
B0_KSFWV16=31
B0_KSFWV5=30
B0_KSFWV8=27
B0_KSFWV18=27
B0_cosTBTO=26
B0_KSFWV9=26
B0_KSFWV13=25
B0_KSFWV6=21
B0_cosTBz=14
B0_KSFWV7=13
B0_KSFWV10=13

parameters:
[boosting: gbdt]
[objective: binary]
[metric: binary_logloss,auc]
[tree_learner: serial]
[device_type: cpu]
[data_sample_strategy: bagging]
[data: ]
[valid: ]
[num_iterations: 40]
[learning_rate: 0.392839]
[num_leaves: 10]
[num_threads: 0]
[seed: 0]
[deterministic: 0]
[force_col_wise: 1]
[force_row_wise: 0]
[histogram_pool_size: -1]
[max_depth: -1]
[min_data_in_leaf: 1000]
[min_sum_hessian_in_leaf: 0.001]
[bagging_fraction: 0.6]
[pos_bagging_fraction: 1]
[neg_bagging_fraction: 1]
[bagging_freq: 5]
[bagging_seed: 7719]
[feature_fraction: 0.7]
[feature_fraction_bynode: 1]
[feature_fraction_seed: 2437]
[extra_trees: 0]
[extra_seed: 11797]
[early_stopping_round: 0]
[early_stopping_min_delta: 0]
[first_metric_only: 0]
[max_delta_step: 0]
[lambda_l1: 0]
[lambda_l2: 0]
[linear_lambda: 0]
[min_gain_to_split: 0]
[drop_rate: 0.1]
[max_drop: 50]
[skip_drop: 0.5]
[xgboost_dart_mode: 0]
[uniform_drop: 0]
[drop_seed: 21238]
[top_rate: 0.2]
[other_rate: 0.1]
[min_data_per_group: 100]
[max_cat_threshold: 32]
[cat_l2: 10]
[cat_smooth: 10]
[max_cat_to_onehot: 4]
[top_k: 20]
[monotone_constraints: ]
[monotone_constraints_method: basic]
[monotone_penalty: 0]
[feature_contri: ]
[forcedsplits_filename: ]
[refit_decay_rate: 0.9]
[cegb_tradeoff: 1]
[cegb_penalty_split: 0]
[cegb_penalty_feature_lazy: ]
[cegb_penalty_feature_coupled: ]
[path_smooth: 0]
[interaction_constraints: ]
[verbosity: 1]
[saved_feature_importance_type: 0]
[use_quantized_grad: 0]
[num_grad_quant_bins: 4]
[quant_train_renew_leaf: 0]
[stochastic_rounding: 1]
[linear_tree: 0]
[max_bin: 255]
[max_bin_by_feature: ]
[min_data_in_bin: 3]
[bin_construct_sample_cnt: 200000]
[data_random_seed: 38]
[is_enable_sparse: 1]
[enable_bundle: 1]
[use_missing: 1]
[zero_as_missing: 0]
[feature_pre_filter: 0]
[pre_partition: 0]
[two_round: 0]
[header: 0]
[label_column: ]
[weight_column: ]
[group_column: ]
[ignore_column: ]
[categorical_feature: ]
[forcedbins_filename: ]
[precise_float_parser: 0]
[parser_config_file: ]
[objective_seed: 8855]
[num_class: 1]
[is_unbalance: 0]
[scale_pos_weight: 1]
[sigmoid: 1]
[boost_from_average: 1]
[reg_sqrt: 0]
[alpha: 0.9]
[fair_c: 1]
[poisson_max_delta_step: 0.7]
[tweedie_variance_power: 1.5]
[lambdarank_truncation_level: 30]
[lambdarank_norm: 1]
[label_gain: ]
[lambdarank_position_bias_regularization: 0]
[eval_at: ]
[multi_error_top_k: 1]
[auc_mu_weights: ]
[num_machines: 1]
[local_listen_port: 12400]
[time_out: 120]
[machine_list_filename: ]
[machines: ]
[gpu_platform_id: -1]
[gpu_device_id: -1]
[gpu_use_dp: 0]
[num_gpu: 1]

end of parameters

pandas_categorical:[]
