{
 "cells": [
  {
   "cell_type": "markdown",
   "metadata": {},
   "source": [
    "# 1. Import Ntuple and DecayHash"
   ]
  },
  {
   "cell_type": "code",
   "execution_count": 1,
   "metadata": {},
   "outputs": [],
   "source": [
    "import cabinetry\n",
    "cabinetry.set_logging()"
   ]
  },
  {
   "cell_type": "code",
   "execution_count": 1,
   "metadata": {},
   "outputs": [],
   "source": [
    "import glob\n",
    "import numpy as np\n",
    "import pandas\n",
    "import matplotlib.pyplot as plt\n",
    "import matplotlib.colors as colors\n",
    "import matplotlib.cm as cm\n",
    "plt.style.use('belle2')\n",
    "from tqdm import tqdm\n",
    "import pyhf\n",
    "pyhf.set_backend('numpy','minuit')\n",
    "plt.rcParams[\"axes.prop_cycle\"] = plt.cycler(\"color\", plt.cm.tab20.colors)"
   ]
  },
  {
   "cell_type": "code",
   "execution_count": 2,
   "metadata": {},
   "outputs": [],
   "source": [
    "import json\n",
    "import yaml\n",
    "\n",
    "workspace_file = '/home/belle/zhangboy/R_D/Signal_MC14ri/2d_2channels_workspace_3.json'\n",
    "results = 'results_3.yaml'\n",
    "with open(workspace_file, 'r+') as work_f:\n",
    "    spec = json.load(work_f)\n",
    "#    spec['observations'][0]['name'] = 'electron mode'\n",
    "#    spec['observations'][0]['data'] = counts.ravel().tolist()\n",
    "    spec_1 = {'channels': spec['channels']}\n",
    "    model_1 = pyhf.Model(spec_1, poi_name=None)\n",
    "    NumOfComp = len(spec['channels'][0]['samples'])\n",
    "#model_1.spec\n",
    "#workspace = pyhf.Workspace(spec)\n",
    "#workspace"
   ]
  },
  {
   "cell_type": "code",
   "execution_count": 3,
   "metadata": {},
   "outputs": [],
   "source": [
    "def statistics(df):\n",
    "    counts=df.count()\n",
    "    mean=df.mean()\n",
    "    std=df.std()\n",
    "    return f'''counts = %d \\nmean = %5.3f \\nstd = %5.3f''' %(counts,mean,std)\n",
    "\n",
    "kwarg={'histtype':'step','lw':2}\n",
    "    \n",
    "\n",
    "plt.rcParams[\"axes.prop_cycle\"] = plt.cycler(\"color\", plt.cm.tab20.colors)\n",
    "\n",
    "def plot_all_signals(cut, variable):\n",
    "    fig,axs =plt.subplots(2,3,figsize=(16,10), sharex=True, sharey=False)\n",
    "    fig.suptitle(f'All signals with {cut}')\n",
    "    fig.supylabel('# of candidates per bin',x=0.06)\n",
    "    fig.supxlabel(f'{variable}', y=0.06)\n",
    "    i=0\n",
    "    j=0\n",
    "    for sample_name, sample in samples.items():\n",
    "        (counts, bins) = np.histogram(sample.query(cut)[variable], bins=50)\n",
    "        if sample_name in ['sig_D_l_nu','sig_D_tau_nu','bkg_fakeDTC','bkg_fakeB','bkg_continuum','bkg_others']:\n",
    "            factor = 1\n",
    "        elif sample_name in ['sig_Dst_l_nu','sig_Dst_tau_nu','all_Dstst_l_nu','all_Dstst_tau_nu']:\n",
    "            factor = 1\n",
    "        axs[i,j].hist(bins[:-1], bins, weights=factor*counts,label=sample_name,**kwarg)\n",
    "\n",
    "        #plt.legend(bbox_to_anchor=(1,1),ncol=3, fancybox=True, shadow=True,labelspacing=1.5)\n",
    "        axs[i,j].grid()\n",
    "        axs[i,j].set_title(sample_name)\n",
    "        j+=1\n",
    "        if j==3:\n",
    "            i+=1\n",
    "            j=0\n",
    "            \n",
    "def plot_all_signals_2d(cut):\n",
    "    variable_x = 'B0_CMS3_weMissM2'\n",
    "    variable_y = 'p_D_l'\n",
    "    xedges = np.linspace(-2, 10, 48)\n",
    "    yedges = np.linspace(0.4, 4.6, 42)\n",
    "\n",
    "    n_rows,n_cols = [2,3]\n",
    "    fig,axs=plt.subplots(nrows=n_rows, ncols=n_cols, figsize=(16,8),sharex=True, sharey='all')\n",
    "    fig.suptitle('Signals')\n",
    "    fig.supylabel('$|p_D|\\ +\\ |p_l|\\ [GeV]$', x=0.05)\n",
    "    fig.supxlabel('$M_{miss}^2\\ [GeV^2/c^4]$')\n",
    "    i=0\n",
    "    j=0\n",
    "    for name, sample in samples.items():\n",
    "        (counts, xedges, yedges) = np.histogram2d(sample.query(cut)[variable_x], \n",
    "                                              sample.query(cut)[variable_y],\n",
    "                                              bins=[xedges, yedges])\n",
    "        counts = counts.T + 0.01\n",
    "        X, Y = np.meshgrid(xedges, yedges)\n",
    "        im=axs[i,j].pcolormesh(X, Y, counts, cmap='jet', norm=colors.LogNorm())\n",
    "        axs[i,j].grid()\n",
    "        axs[i,j].set_xlim(xedges.min(),xedges.max())\n",
    "        axs[i,j].set_ylim(yedges.min(),yedges.max())\n",
    "        axs[i,j].set_title(name,fontsize=12)\n",
    "        fig.colorbar(im,ax=axs[i,j])\n",
    "        j+=1\n",
    "        if j==3:\n",
    "            i+=1\n",
    "            j=0\n",
    "            \n",
    "def plot_overlaid_signals(cut, variable):\n",
    "    fig,axs =plt.subplots(1,2,figsize=(12,5), sharex=True, sharey=False)\n",
    "    fig.suptitle(f'Overlaid signals with pre-selection', y=1)\n",
    "    fig.supylabel('# of candidates per bin',x=0.06)\n",
    "    #fig.supxlabel('$|\\\\vec{p_D}|\\ +\\ |\\\\vec{p_l}|$  [GeV/c]')\n",
    "    #fig.supxlabel('$M_{miss}^2 \\ [GeV^2/c^4]$')\n",
    "    fig.supxlabel(f'{variable}')\n",
    "\n",
    "    for sample_name, sample in samples.items():\n",
    "        (counts, bins) = np.histogram(sample.query(cut)[variable], bins=50)\n",
    "        factor=1\n",
    "        if sample_name in ['sig_D_tau_nu','sig_Dst_tau_nu','all_Dstst_tau_nu']:\n",
    "            axs[0].hist(bins[:-1], bins, weights=factor*counts,label=sample_name,**kwarg)\n",
    "            axs[0].legend()\n",
    "        elif sample_name in ['sig_D_l_nu','sig_Dst_l_nu','all_Dstst_l_nu']:\n",
    "            axs[1].hist(bins[:-1], bins, weights=factor*counts,label=sample_name,**kwarg)\n",
    "            axs[1].legend()\n",
    "        #plt.legend(bbox_to_anchor=(1,1),ncol=3, fancybox=True, shadow=True,labelspacing=1.5)\n",
    "\n",
    "    axs[0].set_title('signals')\n",
    "    axs[1].set_title('normalization')\n",
    "    axs[0].grid()\n",
    "    axs[1].grid()\n",
    "    \n",
    "def plot_overlaid_signals_2(cut, variable):\n",
    "    fig,axs =plt.subplots(figsize=(12,5), sharex=True, sharey=False)\n",
    "    fig.suptitle(f'Overlaid signals with pre-selection', y=1)\n",
    "    fig.supylabel('# of candidates per bin',x=0.06)\n",
    "    #fig.supxlabel('$|\\\\vec{p_D}|\\ +\\ |\\\\vec{p_l}|$  [GeV/c]')\n",
    "    #fig.supxlabel('$M_{miss}^2 \\ [GeV^2/c^4]$')\n",
    "    fig.supxlabel(f'{variable}')\n",
    "\n",
    "    for sample_name, sample in samples.items():\n",
    "        if sample_name in ['sig_D_tau_nu']:\n",
    "            (counts, bins) = np.histogram(sample.query(cut)[variable], bins=50)\n",
    "            factor=1\n",
    "        elif sample_name in ['all_Dstst_l_nu']:\n",
    "            (counts, bins) = np.histogram(sample.query(cut)[variable], bins=50)\n",
    "            factor=1\n",
    "        else:\n",
    "            continue\n",
    "        axs.hist(bins[:-1], bins, weights=factor*counts,label=sample_name,**kwarg)\n",
    "        axs.legend()\n",
    "        #plt.legend(bbox_to_anchor=(1,1),ncol=3, fancybox=True, shadow=True,labelspacing=1.5)\n",
    "    axs.grid()\n",
    "    \n",
    "def plot_projection(cut,variable):\n",
    "    fig,axs =plt.subplots(sharex=True, sharey=False)\n",
    "    for sample_name, sample in samples.items():\n",
    "        (counts, bins) = np.histogram(sample.query(cut)[variable], bins=50)\n",
    "        factor=1\n",
    "        if sample_name in ['sig_D_tau_nu','sig_Dst_tau_nu','all_Dstst_tau_nu']:\n",
    "            axs.hist(bins[:-1], bins, weights=factor*counts,label=f'{sample_name} \\n{statistics(sample.query(cut)[variable])}',**kwarg)\n",
    "        elif sample_name in ['sig_D_l_nu','sig_Dst_l_nu','all_Dstst_l_nu']:\n",
    "            axs.hist(bins[:-1], bins, weights=factor*counts,label=f'{sample_name} \\n{statistics(sample.query(cut)[variable])}',**kwarg)\n",
    "\n",
    "    axs.set_title('Overlaid signals with pre-selection')\n",
    "    axs.set_xlabel(f'{variable}')\n",
    "    axs.set_ylabel('# of candidates per bin')\n",
    "    axs.grid()\n",
    "    plt.legend(bbox_to_anchor=(1,1),ncol=3, fancybox=True, shadow=True,labelspacing=1.5)\n",
    "    \n",
    "    \n",
    "def plot_fitting_difference(yaml_file):\n",
    "    fig,axs =plt.subplots(2,3,figsize=(16,10), sharex=True, sharey=False)\n",
    "    fig.suptitle(f'fitted yield - true yield')\n",
    "    fig.supylabel('yield difference',x=0.06)\n",
    "    fig.supxlabel(f'index of subset samples', y=0.06)\n",
    "    i=0\n",
    "    j=0\n",
    "    with open(yaml_file, 'r+') as f:\n",
    "        data = yaml.safe_load(f)\n",
    "        components = data['signal_e']\n",
    "\n",
    "    for comp_name, info in components.items():\n",
    "        axs[i,j].errorbar(x=range(1,len(info['difference'])+1), y=info['difference'], yerr=info['errors'], fmt='ko')\n",
    "        axs[i,j].axhline(y=0, linestyle='-', linewidth=3, color='r')\n",
    "        axs[i,j].grid()\n",
    "        axs[i,j].set_title(comp_name)\n",
    "        j+=1\n",
    "        if j==3 and i==0:\n",
    "            i+=1\n",
    "            j=0\n",
    "        if j==3 and i==1:\n",
    "            break"
   ]
  },
  {
   "cell_type": "code",
   "execution_count": 11,
   "metadata": {},
   "outputs": [
    {
     "name": "stderr",
     "output_type": "stream",
     "text": [
      "\r",
      "Looping over chunks:   0%|          | 0/12 [00:00<?, ?it/s]"
     ]
    },
    {
     "name": "stdout",
     "output_type": "stream",
     "text": [
      "file: /home/belle/zhangboy/R_D/Generic_MC14ri/MC14ri_bbbar_bengal_e_1/sub04_0.parquet\n",
      "sig_D_tau_nu: 1568\n",
      "sig_Dst_tau_nu: 985\n",
      "sig_D_l_nu: 37867\n",
      "sig_Dst_l_nu: 29036\n",
      "all_Dstst_tau_nu: 1163\n",
      "all_Dstst_l_nu: 30104\n"
     ]
    },
    {
     "name": "stderr",
     "output_type": "stream",
     "text": [
      "\r",
      "Looping over chunks:   8%|▊         | 1/12 [00:05<01:02,  5.65s/it]"
     ]
    },
    {
     "name": "stdout",
     "output_type": "stream",
     "text": [
      "\n",
      "sig_Dst_tau_nu counts:             0\n",
      "sig_Dst_tau_nu counts uncertainty: 4755\n",
      "\n",
      "sig_D_tau_nu counts:             2386\n",
      "sig_D_tau_nu counts uncertainty: 520\n",
      "\n",
      "sig_Dst_l_nu counts:             28999\n",
      "sig_Dst_l_nu counts uncertainty: 436\n",
      "\n",
      "sig_D_l_nu counts:             38189\n",
      "sig_D_l_nu counts uncertainty: 324\n",
      "\n",
      "all_Dstst_tau_nu counts:             1750\n",
      "all_Dstst_tau_nu counts uncertainty: 362\n",
      "\n",
      "all_Dstst_l_nu counts:             29367\n",
      "all_Dstst_l_nu counts uncertainty: 537\n",
      "\n",
      "Total fitted counts: 100691\n",
      "Total fitted counts uncertainty: \n",
      "Total generated counts: 100723\n",
      "\n",
      "Fitting parameters: \n",
      "[[4.15588508e-07 9.61249694e-02]\n",
      " [3.00523749e-02 6.55241416e-03]\n",
      " [3.82824285e-01 5.75800276e-03]\n",
      " [3.84305120e-01 3.26021982e-03]\n",
      " [1.26114742e-02 2.60622117e-03]\n",
      " [4.55437276e-01 8.33039874e-03]]\n",
      "Fitting parameter correlations: \n",
      "[[ 1.         -0.31772643  0.05857621 -0.00433082 -0.77551479 -0.10443441]\n",
      " [-0.31772643  1.          0.28814434 -0.06639716 -0.24822554 -0.70429171]\n",
      " [ 0.05857621  0.28814434  1.         -0.60050319 -0.12817498 -0.57093071]\n",
      " [-0.00433082 -0.06639716 -0.60050319  1.          0.01534219  0.16175577]\n",
      " [-0.77551479 -0.24822554 -0.12817498  0.01534219  1.          0.36072258]\n",
      " [-0.10443441 -0.70429171 -0.57093071  0.16175577  0.36072258  1.        ]]\n",
      "file: /home/belle/zhangboy/R_D/Generic_MC14ri/MC14ri_bbbar_bengal_e_1/sub03_0.parquet\n",
      "sig_D_tau_nu: 1534\n",
      "sig_Dst_tau_nu: 945\n",
      "sig_D_l_nu: 38368\n",
      "sig_Dst_l_nu: 29106\n",
      "all_Dstst_tau_nu: 1107\n",
      "all_Dstst_l_nu: 30109\n"
     ]
    },
    {
     "name": "stderr",
     "output_type": "stream",
     "text": [
      "\r",
      "Looping over chunks:  17%|█▋        | 2/12 [00:10<00:53,  5.36s/it]"
     ]
    },
    {
     "name": "stdout",
     "output_type": "stream",
     "text": [
      "\n",
      "sig_Dst_tau_nu counts:             668\n",
      "sig_Dst_tau_nu counts uncertainty: 520\n",
      "\n",
      "sig_D_tau_nu counts:             1585\n",
      "sig_D_tau_nu counts uncertainty: 508\n",
      "\n",
      "sig_Dst_l_nu counts:             29061\n",
      "sig_Dst_l_nu counts uncertainty: 437\n",
      "\n",
      "sig_D_l_nu counts:             38730\n",
      "sig_D_l_nu counts uncertainty: 326\n",
      "\n",
      "all_Dstst_tau_nu counts:             1511\n",
      "all_Dstst_tau_nu counts uncertainty: 374\n",
      "\n",
      "all_Dstst_l_nu counts:             29599\n",
      "all_Dstst_l_nu counts uncertainty: 530\n",
      "\n",
      "Total fitted counts: 101154\n",
      "Total fitted counts uncertainty: \n",
      "Total generated counts: 101169\n",
      "\n",
      "Fitting parameters: \n",
      "[[0.01349358 0.01050523]\n",
      " [0.0199652  0.00639725]\n",
      " [0.38364279 0.00577321]\n",
      " [0.38975034 0.00327708]\n",
      " [0.01088878 0.0026955 ]\n",
      " [0.45904061 0.0082172 ]]\n",
      "Fitting parameter correlations: \n",
      "[[ 1.         -0.35690194  0.06604466 -0.00614345 -0.81006521 -0.11562499]\n",
      " [-0.35690194  1.          0.27498036 -0.06477594 -0.15726698 -0.67874035]\n",
      " [ 0.06604466  0.27498036  1.         -0.60120808 -0.12403553 -0.57131956]\n",
      " [-0.00614345 -0.06477594 -0.60120808  1.          0.01478924  0.16376225]\n",
      " [-0.81006521 -0.15726698 -0.12403553  0.01478924  1.          0.34072017]\n",
      " [-0.11562499 -0.67874035 -0.57131956  0.16376225  0.34072017  1.        ]]\n",
      "file: /home/belle/zhangboy/R_D/Generic_MC14ri/MC14ri_bbbar_bengal_e_1/sub01_1.parquet\n",
      "sig_D_tau_nu: 1677\n",
      "sig_Dst_tau_nu: 1022\n",
      "sig_D_l_nu: 41941\n",
      "sig_Dst_l_nu: 32051\n",
      "all_Dstst_tau_nu: 1160\n",
      "all_Dstst_l_nu: 31487\n"
     ]
    },
    {
     "name": "stderr",
     "output_type": "stream",
     "text": [
      "\r",
      "Looping over chunks:  25%|██▌       | 3/12 [00:16<00:50,  5.62s/it]"
     ]
    },
    {
     "name": "stdout",
     "output_type": "stream",
     "text": [
      "\n",
      "sig_Dst_tau_nu counts:             2583\n",
      "sig_Dst_tau_nu counts uncertainty: 714\n",
      "\n",
      "sig_D_tau_nu counts:             1401\n",
      "sig_D_tau_nu counts uncertainty: 630\n",
      "\n",
      "sig_Dst_l_nu counts:             32813\n",
      "sig_Dst_l_nu counts uncertainty: 457\n",
      "\n",
      "sig_D_l_nu counts:             42044\n",
      "sig_D_l_nu counts uncertainty: 340\n",
      "\n",
      "all_Dstst_tau_nu counts:             634\n",
      "all_Dstst_tau_nu counts uncertainty: 423\n",
      "\n",
      "all_Dstst_l_nu counts:             29831\n",
      "all_Dstst_l_nu counts uncertainty: 562\n",
      "\n",
      "Total fitted counts: 109306\n",
      "Total fitted counts uncertainty: \n",
      "Total generated counts: 109338\n",
      "\n",
      "Fitting parameters: \n",
      "[[0.05220787 0.01443428]\n",
      " [0.01764094 0.00793906]\n",
      " [0.43317125 0.00603927]\n",
      " [0.4230933  0.00341761]\n",
      " [0.00457075 0.0030488 ]\n",
      " [0.46264311 0.00871056]]\n",
      "Fitting parameter correlations: \n",
      "[[ 1.         -0.59119166  0.02683002  0.0036922  -0.84436697  0.01035105]\n",
      " [-0.59119166  1.          0.25913592 -0.06451593  0.14565632 -0.64840816]\n",
      " [ 0.02683002  0.25913592  1.         -0.59981763 -0.09914794 -0.57437128]\n",
      " [ 0.0036922  -0.06451593 -0.59981763  1.          0.0088968   0.16531551]\n",
      " [-0.84436697  0.14565632 -0.09914794  0.0088968   1.          0.2349536 ]\n",
      " [ 0.01035105 -0.64840816 -0.57437128  0.16531551  0.2349536   1.        ]]\n",
      "file: /home/belle/zhangboy/R_D/Generic_MC14ri/MC14ri_bbbar_bengal_e_1/sub00_0.parquet\n",
      "sig_D_tau_nu: 1920\n",
      "sig_Dst_tau_nu: 1202\n",
      "sig_D_l_nu: 48279\n",
      "sig_Dst_l_nu: 36635\n",
      "all_Dstst_tau_nu: 943\n",
      "all_Dstst_l_nu: 27062\n"
     ]
    },
    {
     "name": "stderr",
     "output_type": "stream",
     "text": [
      "\r",
      "Looping over chunks:  33%|███▎      | 4/12 [00:21<00:42,  5.30s/it]"
     ]
    },
    {
     "name": "stdout",
     "output_type": "stream",
     "text": [
      "\n",
      "sig_Dst_tau_nu counts:             662\n",
      "sig_Dst_tau_nu counts uncertainty: 884\n",
      "\n",
      "sig_D_tau_nu counts:             3060\n",
      "sig_D_tau_nu counts uncertainty: 641\n",
      "\n",
      "sig_Dst_l_nu counts:             37248\n",
      "sig_Dst_l_nu counts uncertainty: 472\n",
      "\n",
      "sig_D_l_nu counts:             47995\n",
      "sig_D_l_nu counts uncertainty: 360\n",
      "\n",
      "all_Dstst_tau_nu counts:             1360\n",
      "all_Dstst_tau_nu counts uncertainty: 535\n",
      "\n",
      "all_Dstst_l_nu counts:             25685\n",
      "all_Dstst_l_nu counts uncertainty: 555\n",
      "\n",
      "Total fitted counts: 116010\n",
      "Total fitted counts uncertainty: \n",
      "Total generated counts: 116041\n",
      "\n",
      "Fitting parameters: \n",
      "[[0.01337814 0.01786612]\n",
      " [0.03854405 0.0080708 ]\n",
      " [0.49172425 0.0062303 ]\n",
      " [0.48298454 0.00361983]\n",
      " [0.00980328 0.00385332]\n",
      " [0.3983332  0.00860122]]\n",
      "Fitting parameter correlations: \n",
      "[[ 1.         -0.61421867  0.05044304  0.00229656 -0.90730527 -0.05316392]\n",
      " [-0.61421867  1.          0.23656005 -0.06582021  0.28412747 -0.5999895 ]\n",
      " [ 0.05044304  0.23656005  1.         -0.60226963 -0.10762711 -0.56801793]\n",
      " [ 0.00229656 -0.06582021 -0.60226963  1.          0.00908791  0.16812501]\n",
      " [-0.90730527  0.28412747 -0.10762711  0.00908791  1.          0.24461806]\n",
      " [-0.05316392 -0.5999895  -0.56801793  0.16812501  0.24461806  1.        ]]\n",
      "file: /home/belle/zhangboy/R_D/Generic_MC14ri/MC14ri_bbbar_bengal_e_1/sub03_1.parquet\n",
      "sig_D_tau_nu: 1446\n",
      "sig_Dst_tau_nu: 984\n",
      "sig_D_l_nu: 38184\n",
      "sig_Dst_l_nu: 29040\n",
      "all_Dstst_tau_nu: 1123\n",
      "all_Dstst_l_nu: 30140\n"
     ]
    },
    {
     "name": "stderr",
     "output_type": "stream",
     "text": [
      "\r",
      "Looping over chunks:  42%|████▏     | 5/12 [00:27<00:38,  5.53s/it]"
     ]
    },
    {
     "name": "stdout",
     "output_type": "stream",
     "text": [
      "\n",
      "sig_Dst_tau_nu counts:             1891\n",
      "sig_Dst_tau_nu counts uncertainty: 871\n",
      "\n",
      "sig_D_tau_nu counts:             2695\n",
      "sig_D_tau_nu counts uncertainty: 598\n",
      "\n",
      "sig_Dst_l_nu counts:             29513\n",
      "sig_Dst_l_nu counts uncertainty: 441\n",
      "\n",
      "sig_D_l_nu counts:             38388\n",
      "sig_D_l_nu counts uncertainty: 325\n",
      "\n",
      "all_Dstst_tau_nu counts:             83\n",
      "all_Dstst_tau_nu counts uncertainty: 904\n",
      "\n",
      "all_Dstst_l_nu counts:             28321\n",
      "all_Dstst_l_nu counts uncertainty: 550\n",
      "\n",
      "Total fitted counts: 100891\n",
      "Total fitted counts uncertainty: \n",
      "Total generated counts: 100917\n",
      "\n",
      "Fitting parameters: \n",
      "[[0.03823332 0.01759723]\n",
      " [0.03393988 0.00753426]\n",
      " [0.38961611 0.00581937]\n",
      " [0.38630666 0.00327436]\n",
      " [0.00059627 0.00651515]\n",
      " [0.43921837 0.00852981]]\n",
      "Fitting parameter correlations: \n",
      "[[ 1.         -0.55308421  0.08424039 -0.00476475 -0.91581305 -0.13124012]\n",
      " [-0.55308421  1.          0.23729641 -0.06207871  0.22981446 -0.58592726]\n",
      " [ 0.08424039  0.23729641  1.         -0.60008212 -0.1377031  -0.57920264]\n",
      " [-0.00476475 -0.06207871 -0.60008212  1.          0.01447455  0.16452335]\n",
      " [-0.91581305  0.22981446 -0.1377031   0.01447455  1.          0.30713654]\n",
      " [-0.13124012 -0.58592726 -0.57920264  0.16452335  0.30713654  1.        ]]\n",
      "file: /home/belle/zhangboy/R_D/Generic_MC14ri/MC14ri_bbbar_bengal_e_1/sub00_1.parquet\n",
      "sig_D_tau_nu: 0\n",
      "sig_Dst_tau_nu: 0\n",
      "sig_D_l_nu: 0\n",
      "sig_Dst_l_nu: 0\n",
      "all_Dstst_tau_nu: 1451\n",
      "all_Dstst_l_nu: 32397\n"
     ]
    },
    {
     "name": "stderr",
     "output_type": "stream",
     "text": [
      "\r",
      "Looping over chunks:  50%|█████     | 6/12 [00:32<00:31,  5.32s/it]"
     ]
    },
    {
     "name": "stdout",
     "output_type": "stream",
     "text": [
      "\n",
      "sig_Dst_tau_nu counts:             0\n",
      "sig_Dst_tau_nu counts uncertainty: 153\n",
      "\n",
      "sig_D_tau_nu counts:             409\n",
      "sig_D_tau_nu counts uncertainty: 196\n",
      "\n",
      "sig_Dst_l_nu counts:             1434\n",
      "sig_Dst_l_nu counts uncertainty: 163\n",
      "\n",
      "sig_D_l_nu counts:             225\n",
      "sig_D_l_nu counts uncertainty: 55\n",
      "\n",
      "all_Dstst_tau_nu counts:             681\n",
      "all_Dstst_tau_nu counts uncertainty: 116\n",
      "\n",
      "all_Dstst_l_nu counts:             31097\n",
      "all_Dstst_l_nu counts uncertainty: 303\n",
      "\n",
      "Total fitted counts: 33846\n",
      "Total fitted counts uncertainty: \n",
      "Total generated counts: 33848\n",
      "\n",
      "Fitting parameters: \n",
      "[[1.23807028e-08 3.10064824e-03]\n",
      " [5.14566545e-03 2.47139035e-03]\n",
      " [1.89246810e-02 2.15474727e-03]\n",
      " [2.25950592e-03 5.55682499e-04]\n",
      " [4.90742980e-03 8.33113899e-04]\n",
      " [4.82278030e-01 4.69966058e-03]]\n",
      "Fitting parameter correlations: \n",
      "[[ 1.00000000e+00 -6.81122449e-04  7.25120290e-04  6.45367263e-06\n",
      "  -8.78722576e-03 -1.50258111e-03]\n",
      " [-6.81122449e-04  1.00000000e+00  2.17111480e-01 -7.90328292e-03\n",
      "  -5.91632410e-01 -5.30482384e-01]\n",
      " [ 7.25120290e-04  2.17111480e-01  1.00000000e+00 -4.13620097e-01\n",
      "   6.96512255e-02 -6.01449904e-01]\n",
      " [ 6.45367263e-06 -7.90328292e-03 -4.13620097e-01  1.00000000e+00\n",
      "  -1.14682039e-02  6.34798597e-02]\n",
      " [-8.78722576e-03 -5.91632410e-01  6.96512255e-02 -1.14682039e-02\n",
      "   1.00000000e+00 -1.42947346e-02]\n",
      " [-1.50258111e-03 -5.30482384e-01 -6.01449904e-01  6.34798597e-02\n",
      "  -1.42947346e-02  1.00000000e+00]]\n",
      "file: /home/belle/zhangboy/R_D/Generic_MC14ri/MC14ri_bbbar_bengal_e_1/sub05_0.parquet\n",
      "sig_D_tau_nu: 1660\n",
      "sig_Dst_tau_nu: 1102\n",
      "sig_D_l_nu: 42223\n",
      "sig_Dst_l_nu: 32311\n",
      "all_Dstst_tau_nu: 412\n",
      "all_Dstst_l_nu: 15177\n"
     ]
    },
    {
     "name": "stderr",
     "output_type": "stream",
     "text": [
      "\r",
      "Looping over chunks:  58%|█████▊    | 7/12 [00:36<00:24,  4.88s/it]"
     ]
    },
    {
     "name": "stdout",
     "output_type": "stream",
     "text": [
      "\n",
      "sig_Dst_tau_nu counts:             1406\n",
      "sig_Dst_tau_nu counts uncertainty: 492\n",
      "\n",
      "sig_D_tau_nu counts:             1949\n",
      "sig_D_tau_nu counts uncertainty: 511\n",
      "\n",
      "sig_Dst_l_nu counts:             32644\n",
      "sig_Dst_l_nu counts uncertainty: 420\n",
      "\n",
      "sig_D_l_nu counts:             41769\n",
      "sig_D_l_nu counts uncertainty: 332\n",
      "\n",
      "all_Dstst_tau_nu counts:             698\n",
      "all_Dstst_tau_nu counts uncertainty: 277\n",
      "\n",
      "all_Dstst_l_nu counts:             14386\n",
      "all_Dstst_l_nu counts uncertainty: 458\n",
      "\n",
      "Total fitted counts: 92852\n",
      "Total fitted counts uncertainty: \n",
      "Total generated counts: 92885\n",
      "\n",
      "Fitting parameters: \n",
      "[[0.0284253  0.00994379]\n",
      " [0.02455373 0.00644226]\n",
      " [0.43094245 0.00554293]\n",
      " [0.42032476 0.00333902]\n",
      " [0.005032   0.00199954]\n",
      " [0.22310565 0.00709964]]\n",
      "Fitting parameter correlations: \n",
      "[[ 1.         -0.62061896 -0.00753092  0.00958892 -0.77671872  0.09560453]\n",
      " [-0.62061896  1.          0.26861813 -0.0739924   0.08932056 -0.68888723]\n",
      " [-0.00753092  0.26861813  1.         -0.60481413 -0.0758678  -0.55505116]\n",
      " [ 0.00958892 -0.0739924  -0.60481413  1.          0.00847151  0.17214308]\n",
      " [-0.77671872  0.08932056 -0.0758678   0.00847151  1.          0.19790544]\n",
      " [ 0.09560453 -0.68888723 -0.55505116  0.17214308  0.19790544  1.        ]]\n",
      "file: /home/belle/zhangboy/R_D/Generic_MC14ri/MC14ri_bbbar_bengal_e_1/sub01_0.parquet\n",
      "sig_D_tau_nu: 2393\n",
      "sig_Dst_tau_nu: 1530\n",
      "sig_D_l_nu: 62358\n",
      "sig_Dst_l_nu: 47091\n",
      "all_Dstst_tau_nu: 907\n",
      "all_Dstst_l_nu: 29547\n"
     ]
    },
    {
     "name": "stderr",
     "output_type": "stream",
     "text": [
      "\r",
      "Looping over chunks:  67%|██████▋   | 8/12 [00:42<00:21,  5.32s/it]"
     ]
    },
    {
     "name": "stdout",
     "output_type": "stream",
     "text": [
      "\n",
      "sig_Dst_tau_nu counts:             1765\n",
      "sig_Dst_tau_nu counts uncertainty: 610\n",
      "\n",
      "sig_D_tau_nu counts:             3442\n",
      "sig_D_tau_nu counts uncertainty: 623\n",
      "\n",
      "sig_Dst_l_nu counts:             47944\n",
      "sig_Dst_l_nu counts uncertainty: 523\n",
      "\n",
      "sig_D_l_nu counts:             61496\n",
      "sig_D_l_nu counts uncertainty: 405\n",
      "\n",
      "all_Dstst_tau_nu counts:             1047\n",
      "all_Dstst_tau_nu counts uncertainty: 363\n",
      "\n",
      "all_Dstst_l_nu counts:             28079\n",
      "all_Dstst_l_nu counts uncertainty: 586\n",
      "\n",
      "Total fitted counts: 143773\n",
      "Total fitted counts uncertainty: \n",
      "Total generated counts: 143826\n",
      "\n",
      "Fitting parameters: \n",
      "[[0.03567717 0.01233085]\n",
      " [0.04335014 0.00784951]\n",
      " [0.6329219  0.00689927]\n",
      " [0.61884584 0.00407703]\n",
      " [0.00754396 0.00261813]\n",
      " [0.43546961 0.00909401]]\n",
      "Fitting parameter correlations: \n",
      "[[ 1.         -0.56723247  0.01258756  0.00415707 -0.78730608  0.04097688]\n",
      " [-0.56723247  1.          0.26562777 -0.0697447   0.04308342 -0.67846246]\n",
      " [ 0.01258756  0.26562777  1.         -0.60392632 -0.08599452 -0.55968099]\n",
      " [ 0.00415707 -0.0697447  -0.60392632  1.          0.00995933  0.1698213 ]\n",
      " [-0.78730608  0.04308342 -0.08599452  0.00995933  1.          0.22856165]\n",
      " [ 0.04097688 -0.67846246 -0.55968099  0.1698213   0.22856165  1.        ]]\n",
      "file: /home/belle/zhangboy/R_D/Generic_MC14ri/MC14ri_bbbar_bengal_e_1/sub02_0.parquet\n",
      "sig_D_tau_nu: 3282\n",
      "sig_Dst_tau_nu: 2059\n",
      "sig_D_l_nu: 82327\n",
      "sig_Dst_l_nu: 62494\n",
      "all_Dstst_tau_nu: 741\n",
      "all_Dstst_l_nu: 28626\n"
     ]
    },
    {
     "name": "stderr",
     "output_type": "stream",
     "text": [
      "\r",
      "Looping over chunks:  75%|███████▌  | 9/12 [00:49<00:17,  5.74s/it]"
     ]
    },
    {
     "name": "stdout",
     "output_type": "stream",
     "text": [
      "\n",
      "sig_Dst_tau_nu counts:             2827\n",
      "sig_Dst_tau_nu counts uncertainty: 601\n",
      "\n",
      "sig_D_tau_nu counts:             4108\n",
      "sig_D_tau_nu counts uncertainty: 661\n",
      "\n",
      "sig_Dst_l_nu counts:             61888\n",
      "sig_Dst_l_nu counts uncertainty: 581\n",
      "\n",
      "sig_D_l_nu counts:             81975\n",
      "sig_D_l_nu counts uncertainty: 463\n",
      "\n",
      "all_Dstst_tau_nu counts:             1054\n",
      "all_Dstst_tau_nu counts uncertainty: 343\n",
      "\n",
      "all_Dstst_l_nu counts:             27630\n",
      "all_Dstst_l_nu counts uncertainty: 620\n",
      "\n",
      "Total fitted counts: 179482\n",
      "Total fitted counts uncertainty: \n",
      "Total generated counts: 179529\n",
      "\n",
      "Fitting parameters: \n",
      "[[0.05715277 0.01214249]\n",
      " [0.05174168 0.00832541]\n",
      " [0.81700672 0.00767466]\n",
      " [0.82492893 0.0046595 ]\n",
      " [0.00759693 0.00246992]\n",
      " [0.42849983 0.0096145 ]]\n",
      "Fitting parameter correlations: \n",
      "[[ 1.         -0.59470179  0.00234682  0.00493636 -0.74271376  0.07727275]\n",
      " [-0.59470179  1.          0.26407049 -0.0719007   0.02233518 -0.68618312]\n",
      " [ 0.00234682  0.26407049  1.         -0.60594821 -0.07945083 -0.55338063]\n",
      " [ 0.00493636 -0.0719007  -0.60594821  1.          0.01094628  0.17275705]\n",
      " [-0.74271376  0.02233518 -0.07945083  0.01094628  1.          0.21445766]\n",
      " [ 0.07727275 -0.68618312 -0.55338063  0.17275705  0.21445766  1.        ]]\n",
      "file: /home/belle/zhangboy/R_D/Generic_MC14ri/MC14ri_bbbar_bengal_e_1/sub05_1.parquet\n",
      "sig_D_tau_nu: 245\n",
      "sig_Dst_tau_nu: 145\n",
      "sig_D_l_nu: 5816\n",
      "sig_Dst_l_nu: 4264\n",
      "all_Dstst_tau_nu: 807\n",
      "all_Dstst_l_nu: 18807\n"
     ]
    },
    {
     "name": "stderr",
     "output_type": "stream",
     "text": [
      "\r",
      "Looping over chunks:  83%|████████▎ | 10/12 [00:51<00:09,  4.66s/it]"
     ]
    },
    {
     "name": "stdout",
     "output_type": "stream",
     "text": [
      "\n",
      "sig_Dst_tau_nu counts:             0\n",
      "sig_Dst_tau_nu counts uncertainty: 381\n",
      "\n",
      "sig_D_tau_nu counts:             605\n",
      "sig_D_tau_nu counts uncertainty: 283\n",
      "\n",
      "sig_Dst_l_nu counts:             4837\n",
      "sig_Dst_l_nu counts uncertainty: 219\n",
      "\n",
      "sig_D_l_nu counts:             5905\n",
      "sig_D_l_nu counts uncertainty: 139\n",
      "\n",
      "all_Dstst_tau_nu counts:             575\n",
      "all_Dstst_tau_nu counts uncertainty: 133\n",
      "\n",
      "all_Dstst_l_nu counts:             18152\n",
      "all_Dstst_l_nu counts uncertainty: 324\n",
      "\n",
      "Total fitted counts: 30074\n",
      "Total fitted counts uncertainty: \n",
      "Total generated counts: 30084\n",
      "\n",
      "Fitting parameters: \n",
      "[[2.13678892e-08 7.69948820e-03]\n",
      " [7.62181085e-03 3.56441422e-03]\n",
      " [6.38586312e-02 2.88913068e-03]\n",
      " [5.94241715e-02 1.39945743e-03]\n",
      " [4.14728565e-03 9.60807978e-04]\n",
      " [2.81508389e-01 5.02913638e-03]]\n",
      "Fitting parameter correlations: \n",
      "[[ 1.00000000e+00 -3.41050261e-03  9.42168384e-04 -4.00269755e-05\n",
      "  -1.61746465e-02 -1.76130141e-03]\n",
      " [-3.41050261e-03  1.00000000e+00  3.03385051e-01 -4.36489197e-02\n",
      "  -7.88360750e-01 -7.28152072e-01]\n",
      " [ 9.42168384e-04  3.03385051e-01  1.00000000e+00 -5.82817497e-01\n",
      "  -9.24802611e-02 -5.83583011e-01]\n",
      " [-4.00269755e-05 -4.36489197e-02 -5.82817497e-01  1.00000000e+00\n",
      "   8.55851962e-04  1.33177557e-01]\n",
      " [-1.61746465e-02 -7.88360750e-01 -9.24802611e-02  8.55851962e-04\n",
      "   1.00000000e+00  3.52556758e-01]\n",
      " [-1.76130141e-03 -7.28152072e-01 -5.83583011e-01  1.33177557e-01\n",
      "   3.52556758e-01  1.00000000e+00]]\n",
      "file: /home/belle/zhangboy/R_D/Generic_MC14ri/MC14ri_bbbar_bengal_e_1/sub02_1.parquet\n",
      "sig_D_tau_nu: 1737\n",
      "sig_Dst_tau_nu: 1163\n",
      "sig_D_l_nu: 45003\n",
      "sig_Dst_l_nu: 33859\n",
      "all_Dstst_tau_nu: 1174\n",
      "all_Dstst_l_nu: 32658\n"
     ]
    },
    {
     "name": "stderr",
     "output_type": "stream",
     "text": [
      "\r",
      "Looping over chunks:  92%|█████████▏| 11/12 [00:56<00:04,  4.89s/it]"
     ]
    },
    {
     "name": "stdout",
     "output_type": "stream",
     "text": [
      "\n",
      "sig_Dst_tau_nu counts:             1529\n",
      "sig_Dst_tau_nu counts uncertainty: 550\n",
      "\n",
      "sig_D_tau_nu counts:             2752\n",
      "sig_D_tau_nu counts uncertainty: 602\n",
      "\n",
      "sig_Dst_l_nu counts:             33812\n",
      "sig_Dst_l_nu counts uncertainty: 467\n",
      "\n",
      "sig_D_l_nu counts:             45321\n",
      "sig_D_l_nu counts uncertainty: 350\n",
      "\n",
      "all_Dstst_tau_nu counts:             783\n",
      "all_Dstst_tau_nu counts uncertainty: 327\n",
      "\n",
      "all_Dstst_l_nu counts:             31373\n",
      "all_Dstst_l_nu counts uncertainty: 569\n",
      "\n",
      "Total fitted counts: 115570\n",
      "Total fitted counts uncertainty: \n",
      "Total generated counts: 115594\n",
      "\n",
      "Fitting parameters: \n",
      "[[0.0309048  0.01112699]\n",
      " [0.0346644  0.00758474]\n",
      " [0.44636656 0.00616575]\n",
      " [0.45607122 0.00352487]\n",
      " [0.00564407 0.00235449]\n",
      " [0.48655557 0.00882406]]\n",
      "Fitting parameter correlations: \n",
      "[[ 1.         -0.56890137 -0.00250283  0.00713466 -0.76255159  0.07496189]\n",
      " [-0.56890137  1.          0.28183976 -0.06799682  0.00988128 -0.69509506]\n",
      " [-0.00250283  0.28183976  1.         -0.60003949 -0.08520476 -0.57118591]\n",
      " [ 0.00713466 -0.06799682 -0.60003949  1.          0.00830496  0.16462957]\n",
      " [-0.76255159  0.00988128 -0.08520476  0.00830496  1.          0.22220882]\n",
      " [ 0.07496189 -0.69509506 -0.57118591  0.16462957  0.22220882  1.        ]]\n",
      "file: /home/belle/zhangboy/R_D/Generic_MC14ri/MC14ri_bbbar_bengal_e_1/sub04_1.parquet\n",
      "sig_D_tau_nu: 1513\n",
      "sig_Dst_tau_nu: 943\n",
      "sig_D_l_nu: 38789\n",
      "sig_Dst_l_nu: 29370\n",
      "all_Dstst_tau_nu: 1097\n",
      "all_Dstst_l_nu: 30115\n"
     ]
    },
    {
     "name": "stderr",
     "output_type": "stream",
     "text": [
      "Looping over chunks: 100%|██████████| 12/12 [01:01<00:00,  5.17s/it]"
     ]
    },
    {
     "name": "stdout",
     "output_type": "stream",
     "text": [
      "\n",
      "sig_Dst_tau_nu counts:             558\n",
      "sig_Dst_tau_nu counts uncertainty: 801\n",
      "\n",
      "sig_D_tau_nu counts:             2063\n",
      "sig_D_tau_nu counts uncertainty: 579\n",
      "\n",
      "sig_Dst_l_nu counts:             29960\n",
      "sig_Dst_l_nu counts uncertainty: 438\n",
      "\n",
      "sig_D_l_nu counts:             38679\n",
      "sig_D_l_nu counts uncertainty: 326\n",
      "\n",
      "all_Dstst_tau_nu counts:             1388\n",
      "all_Dstst_tau_nu counts uncertainty: 500\n",
      "\n",
      "all_Dstst_l_nu counts:             29156\n",
      "all_Dstst_l_nu counts uncertainty: 534\n",
      "\n",
      "Total fitted counts: 101804\n",
      "Total fitted counts uncertainty: \n",
      "Total generated counts: 101827\n",
      "\n",
      "Fitting parameters: \n",
      "[[0.01128585 0.0161818 ]\n",
      " [0.02598822 0.00729707]\n",
      " [0.39550799 0.0057867 ]\n",
      " [0.38923854 0.00328382]\n",
      " [0.01000798 0.00360727]\n",
      " [0.45217212 0.00828802]]\n",
      "Fitting parameter correlations: \n",
      "[[ 1.         -0.55183301  0.07910403 -0.00394276 -0.89697102 -0.12187129]\n",
      " [-0.55183301  1.          0.22383711 -0.05657347  0.19271869 -0.5798278 ]\n",
      " [ 0.07910403  0.22383711  1.         -0.59951735 -0.12699765 -0.56857703]\n",
      " [-0.00394276 -0.05657347 -0.59951735  1.          0.0113979   0.15949977]\n",
      " [-0.89697102  0.19271869 -0.12699765  0.0113979   1.          0.30150514]\n",
      " [-0.12187129 -0.5798278  -0.56857703  0.15949977  0.30150514  1.        ]]\n"
     ]
    },
    {
     "name": "stderr",
     "output_type": "stream",
     "text": [
      "\n"
     ]
    }
   ],
   "source": [
    "# fit all signal components\n",
    "Dstst_e_nu_selection = 'DecayMode==\"all_Dstst_e_nu\" and D_mcPDG*e_mcPDG==411*11 and e_genMotherPDG==B0_mcPDG and \\\n",
    "    ((B0_mcErrors<64 and B0_mcPDG*D_mcPDG==-511*411) or (B0_mcErrors<512 and abs(B0_mcPDG)==521))'\n",
    "Dstst_tau_nu_selection = 'DecayMode==\"all_Dstst_tau_nu\" and D_mcPDG*e_mcPDG==411*11 and e_mcPDG*e_genMotherPDG==11*15 and \\\n",
    "    ((B0_mcErrors<64 and B0_mcPDG*D_mcPDG==-511*411) or (B0_mcErrors<512 and abs(B0_mcPDG)==521))'\n",
    "signals_selection = 'B0_mcPDG*D_mcPDG==-511*411 and D_mcPDG*e_mcPDG==411*11 and e_mcPDG*e_genMotherPDG==11*15'\n",
    "norms_selection = 'B0_mcPDG*D_mcPDG==-511*411 and D_mcPDG*e_mcPDG==411*11 and e_genMotherPDG==B0_mcPDG'\n",
    "\n",
    "folder = '/home/belle/zhangboy/R_D/Generic_MC14ri/MC14ri_bbbar_bengal_e_1'\n",
    "pfs = glob.glob(f\"{folder}/sub0?_?.parquet\")\n",
    "chunkNum = 0\n",
    "\n",
    "for file_path in tqdm(pfs, desc =\"Looping over chunks\"):\n",
    "    samples = {}\n",
    "\n",
    "    df_bestSelected = pandas.read_parquet(file_path, engine=\"pyarrow\")\n",
    "    #df2 = pandas.read_feather(\"../Ntuples/bengal_e_10k_Test2.feather\")\n",
    "    #df_charged = root_pandas.read_root(charged,key='B0')\n",
    "    #data = pandas.concat([df_mixed,df_charged], ignore_index = True)\n",
    "\n",
    "    # Signal components\n",
    "    sig_D_tau_nu=df_bestSelected.query(f'DecayMode==\"sig_D_tau_nu\" and B0_mcErrors<32 and {signals_selection}').copy()\n",
    "    sig_Dst_tau_nu=df_bestSelected.query(f'DecayMode==\"sig_Dst_tau_nu\" and B0_mcErrors<64 and {signals_selection}').copy()\n",
    "    sig_D_e_nu=df_bestSelected.query(f'DecayMode==\"sig_D_e_nu\" and B0_mcErrors<16 and {norms_selection}').copy()\n",
    "    sig_Dst_e_nu=df_bestSelected.query(f'DecayMode==\"sig_Dst_e_nu\" and B0_mcErrors<64 and {norms_selection}').copy() \n",
    "    all_Dstst_tau_nu=df_bestSelected.query(Dstst_tau_nu_selection).copy() \n",
    "    all_Dstst_e_nu=df_bestSelected.query(Dstst_e_nu_selection).copy()\n",
    "\n",
    "    samples['$D\\\\tau\\\\nu$'] = sig_D_tau_nu\n",
    "    samples['$D^\\\\ast\\\\tau\\\\nu$'] = sig_Dst_tau_nu\n",
    "    samples['$D\\ell\\\\nu$'] = sig_D_e_nu\n",
    "    samples['$D^\\\\ast\\ell\\\\nu$'] = sig_Dst_e_nu\n",
    "    samples['$D^{\\\\ast\\\\ast}\\\\tau\\\\nu$'] = all_Dstst_tau_nu\n",
    "    samples['$D^{\\\\ast\\\\ast}\\ell\\\\nu$'] = all_Dstst_e_nu\n",
    "    \n",
    "    print(f'file: {file_path}')\n",
    "    for name in samples:\n",
    "          print(f'{name}: {len(samples[name])}')\n",
    "\n",
    "        #sig_D_mu_nu=df_bestSelected.query('DecayMode==\"sig_D_mu_nu\" and B0_mcErrors<16').copy()\n",
    "        #sig_Dst_mu_nu=df_bestSelected.query('DecayMode==\"sig_Dst_mu_nu\" and (16<=B0_mcErrors<32 or B0_mcErrors<8)').copy()\n",
    "        #all_Dstst_mu_nu=df_bestSelected.query('DecayMode==\"all_Dstst_mu_nu\" and (16<=B0_mcErrors<64 or B0_mcErrors<8)').copy()\n",
    "\n",
    "        # Bkg components\n",
    "    #     bkg_fakeD = df_bestSelected.query('abs(D_mcPDG)!=411 and B0_mcErrors!=512 and B0_isContinuumEvent!=1').copy()\n",
    "    #     bkg_fakeTracksClusters = df_bestSelected.query('B0_mcErrors==512 and B0_isContinuumEvent!=1').copy()\n",
    "    #     bkg_fakeDTC = pandas.concat([bkg_fakeD, bkg_fakeTracksClusters])\n",
    "\n",
    "    #     bkg_combinatorial = df_bestSelected.query('B0_mcPDG==300553 and abs(D_mcPDG)==411 and B0_mcErrors!=512 and B0_isContinuumEvent!=1').copy()\n",
