{
 "cells": [
  {
   "cell_type": "markdown",
   "metadata": {},
   "source": [
    "# 1. Import Ntuple and DecayHash"
   ]
  },
  {
   "cell_type": "code",
   "execution_count": 1,
   "metadata": {},
   "outputs": [],
   "source": [
    "import glob\n",
    "import numpy as np\n",
    "import pandas\n",
    "import matplotlib.pyplot as plt\n",
    "import matplotlib.colors as colors\n",
    "import matplotlib.cm as cm\n",
    "plt.style.use('belle2')\n",
    "from tqdm import tqdm\n",
    "import pyhf\n",
    "pyhf.set_backend('numpy','minuit')\n",
    "plt.rcParams[\"axes.prop_cycle\"] = plt.cycler(\"color\", plt.cm.tab20.colors)"
   ]
  },
  {
   "cell_type": "code",
   "execution_count": 2,
   "metadata": {},
   "outputs": [],
   "source": [
    "import json\n",
    "import yaml\n",
    "\n",
    "workspace_file = '/home/belle/zhangboy/R_D/Signal_MC14ri/2d_2channels_workspace_3.json'\n",
    "results = 'results_3.yaml'\n",
    "with open(workspace_file, 'r+') as work_f:\n",
    "    spec = json.load(work_f)\n",
    "#    spec['observations'][0]['name'] = 'electron mode'\n",
    "#    spec['observations'][0]['data'] = counts.ravel().tolist()\n",
    "    spec_1 = {'channels': spec['channels']}\n",
    "    model_1 = pyhf.Model(spec_1, poi_name=None)\n",
    "    NumOfComp = len(spec['channels'][0]['samples'])\n",
    "#model_1.spec\n",
    "#workspace = pyhf.Workspace(spec)\n",
    "#workspace"
   ]
  },
  {
   "cell_type": "code",
   "execution_count": 3,
   "metadata": {},
   "outputs": [],
   "source": [
    "def statistics(df):\n",
    "    counts=df.count()\n",
    "    mean=df.mean()\n",
    "    std=df.std()\n",
    "    return f'''counts = %d \\nmean = %5.3f \\nstd = %5.3f''' %(counts,mean,std)\n",
    "\n",
    "kwarg={'histtype':'step','lw':2}\n",
    "    \n",
    "\n",
    "plt.rcParams[\"axes.prop_cycle\"] = plt.cycler(\"color\", plt.cm.tab20.colors)\n",
    "\n",
    "def plot_all_signals(cut, variable):\n",
    "    fig,axs =plt.subplots(2,3,figsize=(16,10), sharex=True, sharey=False)\n",
    "    fig.suptitle(f'All signals with {cut}')\n",
    "    fig.supylabel('# of candidates per bin',x=0.06)\n",
    "    fig.supxlabel(f'{variable}', y=0.06)\n",
    "    i=0\n",
    "    j=0\n",
    "    for sample_name, sample in samples.items():\n",
    "        (counts, bins) = np.histogram(sample.query(cut)[variable], bins=50)\n",
    "        if sample_name in ['sig_D_l_nu','sig_D_tau_nu','bkg_fakeDTC','bkg_fakeB','bkg_continuum','bkg_others']:\n",
    "            factor = 1\n",
    "        elif sample_name in ['sig_Dst_l_nu','sig_Dst_tau_nu','all_Dstst_l_nu','all_Dstst_tau_nu']:\n",
    "            factor = 1\n",
    "        axs[i,j].hist(bins[:-1], bins, weights=factor*counts,label=sample_name,**kwarg)\n",
    "\n",
    "        #plt.legend(bbox_to_anchor=(1,1),ncol=3, fancybox=True, shadow=True,labelspacing=1.5)\n",
    "        axs[i,j].grid()\n",
    "        axs[i,j].set_title(sample_name)\n",
    "        j+=1\n",
    "        if j==3:\n",
    "            i+=1\n",
    "            j=0\n",
    "            \n",
    "def plot_all_signals_2d(cut):\n",
    "    variable_x = 'B0_CMS3_weMissM2'\n",
    "    variable_y = 'p_D_l'\n",
    "    xedges = np.linspace(-2, 10, 48)\n",
    "    yedges = np.linspace(0.4, 4.6, 42)\n",
    "\n",
    "    n_rows,n_cols = [2,3]\n",
    "    fig,axs=plt.subplots(nrows=n_rows, ncols=n_cols, figsize=(16,8),sharex=True, sharey='all')\n",
    "    fig.suptitle('Signals')\n",
    "    fig.supylabel('$|p_D|\\ +\\ |p_l|\\ [GeV]$', x=0.05)\n",
    "    fig.supxlabel('$M_{miss}^2\\ [GeV^2/c^4]$')\n",
    "    i=0\n",
    "    j=0\n",
    "    for name, sample in samples.items():\n",
    "        (counts, xedges, yedges) = np.histogram2d(sample.query(cut)[variable_x], \n",
    "                                              sample.query(cut)[variable_y],\n",
    "                                              bins=[xedges, yedges])\n",
    "        counts = counts.T + 0.01\n",
    "        X, Y = np.meshgrid(xedges, yedges)\n",
    "        im=axs[i,j].pcolormesh(X, Y, counts, cmap='jet', norm=colors.LogNorm())\n",
    "        axs[i,j].grid()\n",
    "        axs[i,j].set_xlim(xedges.min(),xedges.max())\n",
    "        axs[i,j].set_ylim(yedges.min(),yedges.max())\n",
    "        axs[i,j].set_title(name,fontsize=12)\n",
    "        fig.colorbar(im,ax=axs[i,j])\n",
    "        j+=1\n",
    "        if j==3:\n",
    "            i+=1\n",
    "            j=0\n",
    "            \n",
    "def plot_overlaid_signals(cut, variable):\n",
    "    fig,axs =plt.subplots(1,2,figsize=(12,5), sharex=True, sharey=False)\n",
    "    fig.suptitle(f'Overlaid signals with pre-selection', y=1)\n",
    "    fig.supylabel('# of candidates per bin',x=0.06)\n",
    "    #fig.supxlabel('$|\\\\vec{p_D}|\\ +\\ |\\\\vec{p_l}|$  [GeV/c]')\n",
    "    #fig.supxlabel('$M_{miss}^2 \\ [GeV^2/c^4]$')\n",
    "    fig.supxlabel(f'{variable}')\n",
    "\n",
    "    for sample_name, sample in samples.items():\n",
    "        (counts, bins) = np.histogram(sample.query(cut)[variable], bins=50)\n",
    "        factor=1\n",
    "        if sample_name in ['sig_D_tau_nu','sig_Dst_tau_nu','all_Dstst_tau_nu']:\n",
    "            axs[0].hist(bins[:-1], bins, weights=factor*counts,label=sample_name,**kwarg)\n",
    "            axs[0].legend()\n",
    "        elif sample_name in ['sig_D_l_nu','sig_Dst_l_nu','all_Dstst_l_nu']:\n",
    "            axs[1].hist(bins[:-1], bins, weights=factor*counts,label=sample_name,**kwarg)\n",
    "            axs[1].legend()\n",
    "        #plt.legend(bbox_to_anchor=(1,1),ncol=3, fancybox=True, shadow=True,labelspacing=1.5)\n",
    "\n",
    "    axs[0].set_title('signals')\n",
    "    axs[1].set_title('normalization')\n",
    "    axs[0].grid()\n",
    "    axs[1].grid()\n",
    "    \n",
    "def plot_overlaid_signals_2(cut, variable):\n",
    "    fig,axs =plt.subplots(figsize=(12,5), sharex=True, sharey=False)\n",
    "    fig.suptitle(f'Overlaid signals with pre-selection', y=1)\n",
    "    fig.supylabel('# of candidates per bin',x=0.06)\n",
    "    #fig.supxlabel('$|\\\\vec{p_D}|\\ +\\ |\\\\vec{p_l}|$  [GeV/c]')\n",
    "    #fig.supxlabel('$M_{miss}^2 \\ [GeV^2/c^4]$')\n",
    "    fig.supxlabel(f'{variable}')\n",
    "\n",
    "    for sample_name, sample in samples.items():\n",
    "        if sample_name in ['sig_D_tau_nu']:\n",
    "            (counts, bins) = np.histogram(sample.query(cut)[variable], bins=50)\n",
    "            factor=1\n",
    "        elif sample_name in ['all_Dstst_l_nu']:\n",
    "            (counts, bins) = np.histogram(sample.query(cut)[variable], bins=50)\n",
    "            factor=1\n",
    "        else:\n",
    "            continue\n",
    "        axs.hist(bins[:-1], bins, weights=factor*counts,label=sample_name,**kwarg)\n",
    "        axs.legend()\n",
    "        #plt.legend(bbox_to_anchor=(1,1),ncol=3, fancybox=True, shadow=True,labelspacing=1.5)\n",
    "    axs.grid()\n",
    "    \n",
    "def plot_projection(cut,variable):\n",
    "    fig,axs =plt.subplots(sharex=True, sharey=False)\n",
    "    for sample_name, sample in samples.items():\n",
    "        (counts, bins) = np.histogram(sample.query(cut)[variable], bins=50)\n",
    "        factor=1\n",
    "        if sample_name in ['sig_D_tau_nu','sig_Dst_tau_nu','all_Dstst_tau_nu']:\n",
    "            axs.hist(bins[:-1], bins, weights=factor*counts,label=f'{sample_name} \\n{statistics(sample.query(cut)[variable])}',**kwarg)\n",
    "        elif sample_name in ['sig_D_l_nu','sig_Dst_l_nu','all_Dstst_l_nu']:\n",
    "            axs.hist(bins[:-1], bins, weights=factor*counts,label=f'{sample_name} \\n{statistics(sample.query(cut)[variable])}',**kwarg)\n",
    "\n",
    "    axs.set_title('Overlaid signals with pre-selection')\n",
    "    axs.set_xlabel(f'{variable}')\n",
    "    axs.set_ylabel('# of candidates per bin')\n",
    "    axs.grid()\n",
    "    plt.legend(bbox_to_anchor=(1,1),ncol=3, fancybox=True, shadow=True,labelspacing=1.5)\n",
    "    \n",
    "    \n",
    "def plot_fitting_difference(yaml_file):\n",
    "    fig,axs =plt.subplots(2,3,figsize=(16,10), sharex=True, sharey=False)\n",
    "    fig.suptitle(f'fitted yield - true yield')\n",
    "    fig.supylabel('yield difference',x=0.06)\n",
    "    fig.supxlabel(f'index of subset samples', y=0.06)\n",
    "    i=0\n",
    "    j=0\n",
    "    with open(yaml_file, 'r+') as f:\n",
    "        data = yaml.safe_load(f)\n",
    "        components = data['signal_e']\n",
    "\n",
    "    for comp_name, info in components.items():\n",
    "        axs[i,j].errorbar(x=range(1,len(info['difference'])+1), y=info['difference'], yerr=info['errors'], fmt='ko')\n",
    "        axs[i,j].axhline(y=0, linestyle='-', linewidth=3, color='r')\n",
    "        axs[i,j].grid()\n",
    "        axs[i,j].set_title(comp_name)\n",
    "        j+=1\n",
    "        if j==3 and i==0:\n",
    "            i+=1\n",
    "            j=0\n",
    "        if j==3 and i==1:\n",
    "            break"
   ]
  },
  {
   "cell_type": "code",
   "execution_count": 5,
   "metadata": {},
   "outputs": [
    {
     "name": "stderr",
     "output_type": "stream",
     "text": [
      "\r",
      "Looping over chunks:   0%|          | 0/7 [00:00<?, ?it/s]"
     ]
    },
    {
     "name": "stdout",
     "output_type": "stream",
     "text": [
      "chunkNum: 0\n",
      "sig_D_tau_nu: 2016\n",
      "sig_Dst_tau_nu: 1293\n",
      "sig_D_l_nu: 48792\n",
      "sig_Dst_l_nu: 36680\n",
      "all_Dstst_tau_nu: 1257\n",
      "all_Dstst_l_nu: 33823\n"
     ]
    },
    {
     "name": "stderr",
     "output_type": "stream",
     "text": [
      "\r",
      "Looping over chunks:  14%|█▍        | 1/7 [00:09<00:59,  9.97s/it]"
     ]
    },
    {
     "name": "stdout",
     "output_type": "stream",
     "text": [
      "\n",
      "sig_D_tau_nu counts:             3287\n",
      "sig_D_tau_nu counts uncertainty: 625\n",
      "\n",
      "sig_Dst_tau_nu counts:             1840\n",
      "sig_Dst_tau_nu counts uncertainty: 599\n",
      "\n",
      "sig_D_l_nu counts:             46637\n",
      "sig_D_l_nu counts uncertainty: 368\n",
      "\n",
      "sig_Dst_l_nu counts:             40904\n",
      "sig_Dst_l_nu counts uncertainty: 494\n",
      "\n",
      "all_Dstst_tau_nu counts:             921\n",
      "all_Dstst_tau_nu counts uncertainty: 365\n",
      "\n",
      "all_Dstst_l_nu counts:             30232\n",
      "all_Dstst_l_nu counts uncertainty: 585\n",
      "\n",
      "Total fitted counts: 123821\n",
      "Total fitted counts uncertainty: \n",
      "Total generated counts: 123861\n",
      "\n",
      "Fitting parameters: \n",
      "[[0.04139789 0.00787672]\n",
      " [0.03719693 0.0121036 ]\n",
      " [0.46931211 0.00370462]\n",
      " [0.53998032 0.00652169]\n",
      " [0.00664137 0.002634  ]\n",
      " [0.46885255 0.00907295]]\n",
      "Fitting parameter correlations: \n",
      "[[ 1.         -0.54290511 -0.06911145  0.27201319 -0.00623989 -0.68656349]\n",
      " [-0.54290511  1.          0.00245946  0.01761434 -0.77593252  0.03027307]\n",
      " [-0.06911145  0.00245946  1.         -0.61497281  0.01216615  0.17034523]\n",
      " [ 0.27201319  0.01761434 -0.61497281  1.         -0.09820581 -0.56338436]\n",
      " [-0.00623989 -0.77593252  0.01216615 -0.09820581  1.          0.25582051]\n",
      " [-0.68656349  0.03027307  0.17034523 -0.56338436  0.25582051  1.        ]]\n",
      "chunkNum: 1\n",
      "sig_D_tau_nu: 1922\n",
      "sig_Dst_tau_nu: 1187\n",
      "sig_D_l_nu: 48978\n",
      "sig_Dst_l_nu: 36687\n",
      "all_Dstst_tau_nu: 1212\n",
      "all_Dstst_l_nu: 34092\n"
     ]
    },
    {
     "name": "stderr",
     "output_type": "stream",
     "text": [
      "\r",
      "Looping over chunks:  29%|██▊       | 2/7 [00:21<00:55, 11.07s/it]"
     ]
    },
    {
     "name": "stdout",
     "output_type": "stream",
     "text": [
      "\n",
      "sig_D_tau_nu counts:             4750\n",
      "sig_D_tau_nu counts uncertainty: 584\n",
      "\n",
      "sig_Dst_tau_nu counts:             852\n",
      "sig_Dst_tau_nu counts uncertainty: 592\n",
      "\n",
      "sig_D_l_nu counts:             45888\n",
      "sig_D_l_nu counts uncertainty: 368\n",
      "\n",
      "sig_Dst_l_nu counts:             42460\n",
      "sig_Dst_l_nu counts uncertainty: 496\n",
      "\n",
      "all_Dstst_tau_nu counts:             1041\n",
      "all_Dstst_tau_nu counts uncertainty: 390\n",
      "\n",
      "all_Dstst_l_nu counts:             29050\n",
      "all_Dstst_l_nu counts uncertainty: 583\n",
      "\n",
      "Total fitted counts: 124041\n",
      "Total fitted counts uncertainty: \n",
      "Total generated counts: 124078\n",
      "\n",
      "Fitting parameters: \n",
      "[[0.05983297 0.00735774]\n",
      " [0.01722861 0.01197298]\n",
      " [0.46177735 0.00369925]\n",
      " [0.5605281  0.00655399]\n",
      " [0.00750098 0.00280799]\n",
      " [0.4505257  0.00904196]]\n",
      "Fitting parameter correlations: \n",
      "[[ 1.00000000e+00 -4.64108251e-01 -7.22032244e-02  2.81580240e-01\n",
      "  -2.79730228e-02 -6.91508791e-01]\n",
      " [-4.64108251e-01  1.00000000e+00 -4.56946204e-04  3.48660016e-02\n",
      "  -8.17652777e-01 -3.23748620e-02]\n",
      " [-7.22032244e-02 -4.56946204e-04  1.00000000e+00 -6.14974344e-01\n",
      "   1.32720917e-02  1.71204258e-01]\n",
      " [ 2.81580240e-01  3.48660016e-02 -6.14974344e-01  1.00000000e+00\n",
      "  -1.04077009e-01 -5.65088447e-01]\n",
      " [-2.79730228e-02 -8.17652777e-01  1.32720917e-02 -1.04077009e-01\n",
      "   1.00000000e+00  2.75948822e-01]\n",
      " [-6.91508791e-01 -3.23748620e-02  1.71204258e-01 -5.65088447e-01\n",
      "   2.75948822e-01  1.00000000e+00]]\n",
      "chunkNum: 2\n",
      "sig_D_tau_nu: 1850\n",
      "sig_Dst_tau_nu: 1219\n",
      "sig_D_l_nu: 48543\n",
      "sig_Dst_l_nu: 36611\n",
      "all_Dstst_tau_nu: 1148\n",
      "all_Dstst_l_nu: 33694\n"
     ]
    },
    {
     "name": "stderr",
     "output_type": "stream",
     "text": [
      "\r",
      "Looping over chunks:  43%|████▎     | 3/7 [00:33<00:45, 11.34s/it]"
     ]
    },
    {
     "name": "stdout",
     "output_type": "stream",
     "text": [
      "\n",
      "sig_D_tau_nu counts:             3811\n",
      "sig_D_tau_nu counts uncertainty: 644\n",
      "\n",
      "sig_Dst_tau_nu counts:             2200\n",
      "sig_Dst_tau_nu counts uncertainty: 530\n",
      "\n",
      "sig_D_l_nu counts:             44071\n",
      "sig_D_l_nu counts uncertainty: 367\n",
      "\n",
      "sig_Dst_l_nu counts:             44464\n",
      "sig_Dst_l_nu counts uncertainty: 497\n",
      "\n",
      "all_Dstst_tau_nu counts:             524\n",
      "all_Dstst_tau_nu counts uncertainty: 269\n",
      "\n",
      "all_Dstst_l_nu counts:             27956\n",
      "all_Dstst_l_nu counts uncertainty: 576\n",
      "\n",
      "Total fitted counts: 123026\n",
      "Total fitted counts uncertainty: \n",
      "Total generated counts: 123065\n",
      "\n",
      "Fitting parameters: \n",
      "[[0.04800842 0.00810626]\n",
      " [0.0444675  0.01072079]\n",
      " [0.44348993 0.00369678]\n",
      " [0.58698622 0.006559  ]\n",
      " [0.00378024 0.00193567]\n",
      " [0.43356414 0.00893626]]\n",
      "Fitting parameter correlations: \n",
      "[[ 1.         -0.67181162 -0.06893461  0.26980716  0.05388403 -0.70205739]\n",
      " [-0.67181162  1.          0.01005631 -0.03122416 -0.6865967   0.17756343]\n",
      " [-0.06893461  0.01005631  1.         -0.62223211  0.00674107  0.17178495]\n",
      " [ 0.26980716 -0.03122416 -0.62223211  1.         -0.06108811 -0.55439601]\n",
      " [ 0.05388403 -0.6865967   0.00674107 -0.06108811  1.          0.15753811]\n",
      " [-0.70205739  0.17756343  0.17178495 -0.55439601  0.15753811  1.        ]]\n",
      "chunkNum: 3\n",
      "sig_D_tau_nu: 1896\n",
      "sig_Dst_tau_nu: 1149\n",
      "sig_D_l_nu: 49174\n",
      "sig_Dst_l_nu: 37018\n",
      "all_Dstst_tau_nu: 1225\n",
      "all_Dstst_l_nu: 33385\n"
     ]
    },
    {
     "name": "stderr",
     "output_type": "stream",
     "text": [
      "\r",
      "Looping over chunks:  57%|█████▋    | 4/7 [00:48<00:38, 12.77s/it]"
     ]
    },
    {
     "name": "stdout",
     "output_type": "stream",
     "text": [
      "\n",
      "sig_D_tau_nu counts:             3607\n",
      "sig_D_tau_nu counts uncertainty: 643\n",
      "\n",
      "sig_Dst_tau_nu counts:             2890\n",
      "sig_Dst_tau_nu counts uncertainty: 483\n",
      "\n",
      "sig_D_l_nu counts:             43913\n",
      "sig_D_l_nu counts uncertainty: 373\n",
      "\n",
      "sig_Dst_l_nu counts:             46402\n",
      "sig_Dst_l_nu counts uncertainty: 503\n",
      "\n",
      "all_Dstst_tau_nu counts:             213\n",
      "all_Dstst_tau_nu counts uncertainty: 214\n",
      "\n",
      "all_Dstst_l_nu counts:             26787\n",
      "all_Dstst_l_nu counts uncertainty: 570\n",
      "\n",
      "Total fitted counts: 123812\n",
      "Total fitted counts uncertainty: \n",
      "Total generated counts: 123847\n",
      "\n",
      "Fitting parameters: \n",
      "[[0.04543079 0.00809555]\n",
      " [0.05841148 0.00977116]\n",
      " [0.44190092 0.00375183]\n",
      " [0.61256216 0.00664532]\n",
      " [0.00153569 0.00154539]\n",
      " [0.41542905 0.00884762]]\n",
      "Fitting parameter correlations: \n",
      "[[ 1.         -0.72178386 -0.07045742  0.26806197  0.03256034 -0.7079351 ]\n",
      " [-0.72178386  1.          0.01221215 -0.04754182 -0.5963929   0.23446529]\n",
      " [-0.07045742  0.01221215  1.         -0.63104759  0.0072786   0.17605235]\n",
      " [ 0.26806197 -0.04754182 -0.63104759  1.         -0.05348113 -0.55001045]\n",
      " [ 0.03256034 -0.5963929   0.0072786  -0.05348113  1.          0.13696896]\n",
      " [-0.7079351   0.23446529  0.17605235 -0.55001045  0.13696896  1.        ]]\n",
      "chunkNum: 4\n",
      "sig_D_tau_nu: 1862\n",
      "sig_Dst_tau_nu: 1307\n",
      "sig_D_l_nu: 48568\n",
      "sig_Dst_l_nu: 36980\n",
      "all_Dstst_tau_nu: 1212\n",
      "all_Dstst_l_nu: 33792\n"
     ]
    },
    {
     "name": "stderr",
     "output_type": "stream",
     "text": [
      "\r",
      "Looping over chunks:  71%|███████▏  | 5/7 [01:00<00:25, 12.63s/it]"
     ]
    },
    {
     "name": "stdout",
     "output_type": "stream",
     "text": [
      "\n",
      "sig_D_tau_nu counts:             4364\n",
      "sig_D_tau_nu counts uncertainty: 608\n",
      "\n",
      "sig_Dst_tau_nu counts:             2636\n",
      "sig_Dst_tau_nu counts uncertainty: 516\n",
      "\n",
      "sig_D_l_nu counts:             44070\n",
      "sig_D_l_nu counts uncertainty: 369\n",
      "\n",
      "sig_Dst_l_nu counts:             45219\n",
      "sig_Dst_l_nu counts uncertainty: 499\n",
      "\n",
      "all_Dstst_tau_nu counts:             319\n",
      "all_Dstst_tau_nu counts uncertainty: 272\n",
      "\n",
      "all_Dstst_l_nu counts:             27086\n",
      "all_Dstst_l_nu counts uncertainty: 569\n",
      "\n",
      "Total fitted counts: 123694\n",
      "Total fitted counts uncertainty: \n",
      "Total generated counts: 123721\n",
      "\n",
      "Fitting parameters: \n",
      "[[0.05497219 0.00766298]\n",
      " [0.05329105 0.01043022]\n",
      " [0.44348058 0.00371532]\n",
      " [0.596954   0.00659369]\n",
      " [0.00229694 0.00196231]\n",
      " [0.42006396 0.00882769]]\n",
      "Fitting parameter correlations: \n",
      "[[ 1.         -0.63278294 -0.07130357  0.27059515  0.04263216 -0.69416835]\n",
      " [-0.63278294  1.          0.00680815 -0.01427399 -0.71081617  0.12699771]\n",
      " [-0.07130357  0.00680815  1.         -0.62504733  0.00916615  0.17521031]\n",
      " [ 0.27059515 -0.01427399 -0.62504733  1.         -0.06925666 -0.55615525]\n",
      " [ 0.04263216 -0.71081617  0.00916615 -0.06925666  1.          0.17719755]\n",
      " [-0.69416835  0.12699771  0.17521031 -0.55615525  0.17719755  1.        ]]\n",
      "chunkNum: 5\n",
      "sig_D_tau_nu: 2001\n",
      "sig_Dst_tau_nu: 1257\n",
      "sig_D_l_nu: 49337\n",
      "sig_Dst_l_nu: 37293\n",
      "all_Dstst_tau_nu: 1236\n",
      "all_Dstst_l_nu: 34713\n"
     ]
    },
    {
     "name": "stderr",
     "output_type": "stream",
     "text": [
      "\r",
      "Looping over chunks:  86%|████████▌ | 6/7 [01:13<00:12, 12.57s/it]"
     ]
    },
    {
     "name": "stdout",
     "output_type": "stream",
     "text": [
      "\n",
      "sig_D_tau_nu counts:             3013\n",
      "sig_D_tau_nu counts uncertainty: 623\n",
      "\n",
      "sig_Dst_tau_nu counts:             1809\n",
      "sig_Dst_tau_nu counts uncertainty: 684\n",
      "\n",
      "sig_D_l_nu counts:             49660\n",
      "sig_D_l_nu counts uncertainty: 368\n",
      "\n",
      "sig_Dst_l_nu counts:             37231\n",
      "sig_Dst_l_nu counts uncertainty: 489\n",
      "\n",
      "all_Dstst_tau_nu counts:             791\n",
      "all_Dstst_tau_nu counts uncertainty: 412\n",
      "\n",
      "all_Dstst_l_nu counts:             33292\n",
      "all_Dstst_l_nu counts uncertainty: 582\n",
      "\n",
      "Total fitted counts: 125796\n",
      "Total fitted counts uncertainty: \n",
      "Total generated counts: 125837\n",
      "\n",
      "Fitting parameters: \n",
      "[[0.03794928 0.00785202]\n",
      " [0.036569   0.01381964]\n",
      " [0.49973891 0.0037027 ]\n",
      " [0.49149564 0.00645184]\n",
      " [0.00570305 0.00296787]\n",
      " [0.51631094 0.00903253]]\n",
      "Fitting parameter correlations: \n",
      "[[ 1.         -0.56424797 -0.06462637  0.25709523  0.1063237  -0.64977451]\n",
      " [-0.56424797  1.          0.0013747   0.03097082 -0.83519816 -0.00184569]\n",
      " [-0.06462637  0.0013747   1.         -0.60360395  0.01048749  0.16663273]\n",
      " [ 0.25709523  0.03097082 -0.60360395  1.         -0.09763236 -0.56953668]\n",
      " [ 0.1063237  -0.83519816  0.01048749 -0.09763236  1.          0.23831175]\n",
      " [-0.64977451 -0.00184569  0.16663273 -0.56953668  0.23831175  1.        ]]\n",
      "chunkNum: 6\n",
      "sig_D_tau_nu: 1925\n",
      "sig_Dst_tau_nu: 1280\n",
      "sig_D_l_nu: 49367\n",
      "sig_Dst_l_nu: 37553\n",
      "all_Dstst_tau_nu: 1292\n",
      "all_Dstst_l_nu: 34539\n"
     ]
    },
    {
     "name": "stderr",
     "output_type": "stream",
     "text": [
      "Looping over chunks: 100%|██████████| 7/7 [01:25<00:00, 12.22s/it]"
     ]
    },
    {
     "name": "stdout",
     "output_type": "stream",
     "text": [
      "\n",
      "sig_D_tau_nu counts:             3898\n",
      "sig_D_tau_nu counts uncertainty: 652\n",
      "\n",
      "sig_Dst_tau_nu counts:             2109\n",
      "sig_Dst_tau_nu counts uncertainty: 647\n",
      "\n",
      "sig_D_l_nu counts:             45550\n",
      "sig_D_l_nu counts uncertainty: 369\n",
      "\n",
      "sig_Dst_l_nu counts:             44342\n",
      "sig_Dst_l_nu counts uncertainty: 501\n",
      "\n",
      "all_Dstst_tau_nu counts:             835\n",
      "all_Dstst_tau_nu counts uncertainty: 372\n",
      "\n",
      "all_Dstst_l_nu counts:             29183\n",
      "all_Dstst_l_nu counts uncertainty: 588\n",
      "\n",
      "Total fitted counts: 125917\n",
      "Total fitted counts uncertainty: \n",
      "Total generated counts: 125956\n",
      "\n",
      "Fitting parameters: \n",
      "[[0.049101   0.00820823]\n",
      " [0.04262671 0.01307778]\n",
      " [0.45837998 0.00371218]\n",
      " [0.58537016 0.00661844]\n",
      " [0.00602004 0.00268288]\n",
      " [0.45259045 0.00912272]]\n",
      "Fitting parameter correlations: \n",
      "[[ 1.         -0.59877446 -0.06696208  0.26079598  0.08480337 -0.67301218]\n",
      " [-0.59877446  1.          0.00279597  0.01252393 -0.79233797  0.05792344]\n",
      " [-0.06696208  0.00279597  1.         -0.61589364  0.01088993  0.17194979]\n",
      " [ 0.26079598  0.01252393 -0.61589364  1.         -0.088774   -0.56222652]\n",
      " [ 0.08480337 -0.79233797  0.01088993 -0.088774    1.          0.21740856]\n",
      " [-0.67301218  0.05792344  0.17194979 -0.56222652  0.21740856  1.        ]]\n"
     ]
    },
    {
     "name": "stderr",
     "output_type": "stream",
     "text": [
      "\n"
     ]
    }
   ],
   "source": [
    "# read in root-file as a pandas dataframe\n",
    "Dstst_e_nu_selection = 'DecayMode==\"all_Dstst_e_nu\" and D_mcPDG*e_mcPDG==411*11 and e_genMotherPDG==B0_mcPDG and \\\n",
    "    ((B0_mcErrors<64 and B0_mcPDG*D_mcPDG==-511*411) or (B0_mcErrors<512 and abs(B0_mcPDG)==521))'\n",
    "Dstst_tau_nu_selection = 'DecayMode==\"all_Dstst_tau_nu\" and D_mcPDG*e_mcPDG==411*11 and e_mcPDG*e_genMotherPDG==11*15 and \\\n",
    "    ((B0_mcErrors<64 and B0_mcPDG*D_mcPDG==-511*411) or (B0_mcErrors<512 and abs(B0_mcPDG)==521))'\n",
    "signals_selection = 'B0_mcPDG*D_mcPDG==-511*411 and D_mcPDG*e_mcPDG==411*11 and e_mcPDG*e_genMotherPDG==11*15'\n",
    "norms_selection = 'B0_mcPDG*D_mcPDG==-511*411 and D_mcPDG*e_mcPDG==411*11 and e_genMotherPDG==B0_mcPDG'\n",
    "\n",
    "\n",
    "for chunkNum in tqdm(range(7), desc =\"Looping over chunks\"):\n",
    "    samples = {}\n",
    "    \n",
    "    mixed_path = f'/home/belle/zhangboy/R_D/Generic_MC14rd/MC14rd_mixed_bengal_e_2/mixed_bengal_e_2_{chunkNum}.parquet'\n",
    "    charged_path = f'/home/belle/zhangboy/R_D/Generic_MC14rd/MC14rd_charged_bengal_e_1/charged_bengal_e_1_{chunkNum}.parquet'\n",
    "    df_mixed = pandas.read_parquet(mixed_path, engine=\"pyarrow\")\n",
    "    df_charged = pandas.read_parquet(charged_path, engine=\"pyarrow\")\n",
    "    df_bestSelected = pandas.concat([df_mixed,df_charged], ignore_index = True)\n",
    "\n",
    "    # Signal components\n",
    "    sig_D_tau_nu=df_bestSelected.query(f'DecayMode==\"sig_D_tau_nu\" and B0_mcErrors<32 and {signals_selection}').copy()\n",
    "    sig_Dst_tau_nu=df_bestSelected.query(f'DecayMode==\"sig_Dst_tau_nu\" and B0_mcErrors<64 and {signals_selection}').copy()\n",
    "    sig_D_e_nu=df_bestSelected.query(f'DecayMode==\"sig_D_e_nu\" and B0_mcErrors<16 and {norms_selection}').copy()\n",
    "    sig_Dst_e_nu=df_bestSelected.query(f'DecayMode==\"sig_Dst_e_nu\" and B0_mcErrors<64 and {norms_selection}').copy() \n",
    "    all_Dstst_tau_nu=df_bestSelected.query(Dstst_tau_nu_selection).copy() \n",
    "    all_Dstst_e_nu=df_bestSelected.query(Dstst_e_nu_selection).copy()\n",
    "\n",
    "    samples['sig_D_tau_nu'] = sig_D_tau_nu\n",
    "    samples['sig_Dst_tau_nu'] = sig_Dst_tau_nu\n",
    "    samples['sig_D_l_nu'] = sig_D_e_nu\n",
    "    samples['sig_Dst_l_nu'] = sig_Dst_e_nu\n",
    "    samples['all_Dstst_tau_nu'] = all_Dstst_tau_nu\n",
    "    samples['all_Dstst_l_nu'] = all_Dstst_e_nu\n",
    "    \n",
    "    print(f'chunkNum: {chunkNum}')\n",
    "    for name in samples:\n",
    "          print(f'{name}: {len(samples[name])}')\n",
    "\n",
    "        #sig_D_mu_nu=df_bestSelected.query('DecayMode==\"sig_D_mu_nu\" and B0_mcErrors<16').copy()\n",
    "        #sig_Dst_mu_nu=df_bestSelected.query('DecayMode==\"sig_Dst_mu_nu\" and (16<=B0_mcErrors<32 or B0_mcErrors<8)').copy()\n",
    "        #all_Dstst_mu_nu=df_bestSelected.query('DecayMode==\"all_Dstst_mu_nu\" and (16<=B0_mcErrors<64 or B0_mcErrors<8)').copy()\n",
    "\n",
    "        # Bkg components\n",
    "    #     bkg_fakeD = df_bestSelected.query('abs(D_mcPDG)!=411 and B0_mcErrors!=512 and B0_isContinuumEvent!=1').copy()\n",
    "    #     bkg_fakeTracksClusters = df_bestSelected.query('B0_mcErrors==512 and B0_isContinuumEvent!=1').copy()\n",
    "    #     bkg_fakeDTC = pandas.concat([bkg_fakeD, bkg_fakeTracksClusters])\n",
    "\n",
    "    #     bkg_combinatorial = df_bestSelected.query('B0_mcPDG==300553 and abs(D_mcPDG)==411 and B0_mcErrors!=512 and B0_isContinuumEvent!=1').copy()\n",
    "    #     bkg_sigOtherBDTaudecay = df_bestSelected.query('(DecayMode==\"bkg\" or DecayMode==\"sig_D_mu_nu\" or DecayMode==\"sig_Dst_mu_nu\" or DecayMode==\"all_Dstst_mu_nu\") and \\\n",
    "    #     B0_mcPDG!=300553 and abs(D_mcPDG)==411 and B0_mcErrors!=512 and B0_isContinuumEvent!=1').copy()\n",
    "    #     bkg_fakeB = pandas.concat([bkg_combinatorial, bkg_sigOtherBDTaudecay])\n",
    "\n",
    "    #     bkg_continuum = df_bestSelected.query('B0_isContinuumEvent==1').copy()\n",
    "\n",
    "    #     bkg_others = pandas.concat([df_bestSelected,\n",
    "    #                                sig_D_e_nu,\n",
    "    #                                sig_D_tau_nu,\n",
    "    #                                sig_Dst_e_nu,\n",
    "    #                                sig_Dst_tau_nu,\n",
    "    #                                all_Dstst_e_nu,\n",
    "    #                                all_Dstst_tau_nu,\n",
    "    #                                bkg_fakeDTC,\n",
    "    #                                bkg_fakeB,\n",
    "    #                                bkg_continuum]).drop_duplicates(keep=False)\n",
    "        # Weird! the bkg_others contains some events with\n",
    "        # correct sig decay hash chain and correct B0_mcPDG, D_mcPDG, e_genMotherPDG,\n",
    "        # but with 128< B0_mcErrors < 256 (misID)\n",
    "\n",
    "    #     components = {'sig_D_l_nu':sig_D_e_nu,\n",
    "    #                  'sig_D_tau_nu':sig_D_tau_nu,\n",
    "    #                  'sig_Dst_l_nu':sig_Dst_e_nu,\n",
    "    #                  'sig_Dst_tau_nu':sig_Dst_tau_nu,\n",
    "    #                  'all_Dstst_l_nu':all_Dstst_e_nu,\n",
    "    #                  'all_Dstst_tau_nu':all_Dstst_tau_nu,\n",
    "    #                  'bkg_fakeDTC':bkg_fakeDTC,\n",
    "    #                  'bkg_fakeB':bkg_fakeB,\n",
    "    #                  'bkg_continuum':bkg_continuum,\n",
    "    #                  'bkg_others':bkg_others}\n",
    "\n",
    "    #     samples[decaymode] = components\n",
    "\n",
    "\n",
    "\n",
    "    sample_list = []\n",
    "    for name in samples:\n",
    "        sample_list.append(samples[name].reset_index(drop=True))\n",
    "    df_merged = pandas.concat(sample_list)\n",
    "\n",
    "    \n",
    "    cut='B0_roeMbc_my_mask>4.26'\n",
    "    xedges = np.linspace(-2, 10, 48) # -7.5 for weMiss2, -2 for weMiss3, -2.5 for weMiss4\n",
    "    yedges = np.linspace(0.4, 4.6, 42)\n",
    "    variable_x = 'B0_CMS3_weMissM2'\n",
    "    variable_y = 'p_D_l'\n",
    "\n",
    "    (counts, xedges, yedges) = np.histogram2d(df_merged.query(cut)[variable_x], \n",
    "                                              df_merged.query(cut)[variable_y],\n",
    "                                              bins=[xedges, yedges])\n",
    "    counts = counts.T\n",
    "    \n",
    "\n",
    "    def fit():\n",
    "        global parameters, correlations\n",
    "        parameters, correlations= pyhf.infer.mle.fit(np.concatenate([counts.flat]), model_1, return_uncertainties=True, return_correlations=True)\n",
    "        sum_event=0\n",
    "        for i in range(len(parameters)):\n",
    "            norm = parameters[i,0]\n",
    "            template_counts = np.sum(model_1.spec['channels'][0]['samples'][i]['data'])\n",
    "            component_name = model_1.spec['channels'][0]['samples'][i]['name']\n",
    "            fitted_counts = round(parameters[i,0] * template_counts)\n",
    "            fitted_error = round(parameters[i,1] * template_counts)\n",
    "            print(f'\\n{component_name} counts:             {fitted_counts}')\n",
    "            print(f'{component_name} counts uncertainty: {fitted_error}')\n",
    "            sum_event+= fitted_counts\n",
    "            with open(results, 'r+') as f:\n",
    "                data = yaml.safe_load(f)\n",
    "                data['signal_e'][component_name]['difference'][chunkNum]=fitted_counts - len(samples[component_name])\n",
    "                data['signal_e'][component_name]['errors'][chunkNum]=fitted_error\n",
    "                f.seek(0)        # <--- should reset file position to the beginning.\n",
    "                yaml.dump(data, f, indent=4)\n",
    "                f.truncate()     # remove remaining part\n",
    "\n",
    "        print(f'\\nTotal fitted counts: {sum_event}')\n",
    "        print(f'Total fitted counts uncertainty: ')\n",
    "        print(f'Total generated counts: {len(df_merged)}')\n",
    "        print(f'\\nFitting parameters: \\n{parameters}')\n",
    "        print(f'Fitting parameter correlations: \\n{correlations}')\n",
    "    #    print(f'uncertainty: {parameters[0][1]}')\n",
    "        with open(results, 'r+') as f:\n",
    "            data = yaml.safe_load(f)\n",
    "            data['signal_e']['sum']['difference'][chunkNum]=sum_event - len(df_merged)\n",
    "            f.seek(0)        # <--- should reset file position to the beginning.\n",
    "            yaml.dump(data, f, indent=4)\n",
    "            f.truncate()     # remove remaining part\n",
    "\n",
    "    fit()\n",
    "    chunkNum += 1"
   ]
  },
  {
   "cell_type": "code",
   "execution_count": null,
   "metadata": {},
   "outputs": [],
   "source": [
    "plot_projection('B0_roeMbc_my_mask>5', 'B0_CMS3_weMissM2')"
   ]
  },
  {
   "cell_type": "code",
   "execution_count": null,
   "metadata": {},
   "outputs": [],
   "source": [
    "plot_all_signals_2d('B0_roeMbc_my_mask>5')"
   ]
  },
  {
   "cell_type": "markdown",
   "metadata": {},
   "source": [
    "# 5. Fitting"
   ]
  },
  {
   "cell_type": "code",
   "execution_count": 9,
   "metadata": {},
   "outputs": [],
   "source": [
    "plt.style.use('belle2')\n",
    "plt.rcParams[\"axes.prop_cycle\"] = plt.cycler(\"color\", plt.cm.tab20.colors)\n",
    "import pyhf\n",
    "pyhf.set_backend('numpy','minuit')"
   ]
  },
  {
   "cell_type": "code",
   "execution_count": 2,
   "metadata": {},
   "outputs": [],
   "source": [
    "#df_merged = root_pandas.read_root('sample_merged.root',key='B0')"
   ]
  },
  {
   "cell_type": "code",
   "execution_count": 169,
   "metadata": {},
   "outputs": [
    {
     "data": {
      "text/plain": [
       "<matplotlib.colorbar.Colorbar at 0x7ff45ba49820>"
      ]
     },
     "execution_count": 169,
     "metadata": {},
     "output_type": "execute_result"
    },
    {
     "data": {
